((0, 135.276, 13.1353, 52.4922, 0, 145.975, 2.43595, 58.4755, 17.7315, 146.886, 195.067, 322.78), (2, 30), (1, 135.826, 13.2492, 49.4283, 0, 146.568, 1.85589, 58.3249, 17.9009, 147.444, 195.164, 322.78), -94.43233000000001)
((0, 63.7718, 344.763, 213.105, 0, 62.3241, 84.9426, 71.7652, 1.79551, 70.8723, 155.891, 75.64), (2, 315), (1, 63.6335, 344.446, 220.38, 0, 61.9906, 85.2607, 71.9444, 1.60578, 69.7725, 154.976, 80.77), -95.18266)
((0, 40.9102, 275.697, 219.45, 0, 0.107869, 147.387, 69.1153, 2.47723, 40.1481, 77.7786, 185.69), (2, 165), (1, 41.2042, 275.31, 216.142, 0, 0.250585, 147.73, 69.2996, 2.28159, 40.5128, 77.5321, 185.69), -196.241225)
((0, 50.8376, 330.812, 155.473, 0, 43.3879, 103.878, 71.7783, 1.18341, 63.2858, 151.133, 27.89), (2, 345), (1, 51.1714, 330.567, 148.433, 0, 43.4075, 103.824, 72.1763, 0.785974, 63.5988, 149.764, 32.94), -97.642078)
((0, 42.492, 279.555, 178.149, 0, 2.32416, 144.968, 71.4647, 0.197886, 49.5189, 86.4261, 142.9), (2, 90), (1, 42.8484, 279.516, 172.087, 0, 2.20257, 145.061, 71.8004, 0.141575, 48.901, 85.6298, 150.03), -99.575275)
((0, 119.125, 4.86649, 184.083, 0, 125.487, 21.7905, 71.6444, 3.91453, 113.23, 190.357, 233.93), (2, 180), (1, 119.028, 4.56312, 184.502, 0, 125.179, 22.0498, 72.2018, 3.34736, 114.192, 190.275, 241.33), -89.95792)
((0, 126.405, 38.5713, 310.062, 0, 136.24, 17.1217, 0.989896, 74.9092, 126.243, 224.276, 226.37), (2, 270), (1, 126.301, 38.8423, 310.518, 0, 135.995, 17.4149, 0.433749, 75.4576, 127.43, 224.511, 232.6), -98.698753)
((0, 51.1846, 60.3742, 277.153, 0, 55.0991, 98.2677, 0.932429, 72.3997, 61.7462, 233.264, 342.62), (2, 285), (1, 51.0283, 60.8265, 279.05, 0, 54.7363, 98.651, 0.694954, 72.6257, 61.5408, 233.618, 342.62), -97.915138)
((0, 14.0403, 185.268, 215.067, 0, 0.245273, 150.983, 25.7644, 45.8325, 7.07995, 301.897, 324.63), (2, 315), (1, 14.2737, 186.269, 220.034, 0, 0.0558864, 151.271, 25.9208, 45.6666, 6.96791, 304.516, 324.63), -199.161704)
((0, 132.958, 26.5846, 96.1086, 0, 146.373, 4.75015, 26.9862, 49.2334, 145.323, 205.788, 343.65), (2, 120), (1, 133.298, 26.4876, 97.8127, 0, 146.72, 4.38415, 27.2028, 49.0278, 145.414, 205.208, 348.67), -86.84755)
((0, 134.741, 33.9475, 51.9425, 0, 146.5, 6.11161, 9.70673, 66.5169, 132.181, 208.644, 73.03), (2, 345), (1, 135.279, 33.9399, 61.3786, 0, 147.033, 5.58331, 9.64123, 66.5993, 131.428, 208.792, 77.16), -83.25007)
((0, 135.059, 34.918, 60.2419, 0, 146.43, 6.37995, 7.40045, 68.821, 122.75, 213.841, 132.95), (2, 30), (1, 135.445, 34.8791, 69.5891, 0, 146.826, 5.98165, 7.42482, 68.8091, 123.138, 213.802, 132.95), -82.05505)
((0, 30.3498, 122.476, 340.084, 0, 9.4127, 143.998, 0.422677, 71.4642, 41.6537, 293.691, 266.11), (2, 105), (1, 30.9562, 122.108, 351.375, 0, 9.5288, 143.936, 0.203713, 72.0943, 42.2829, 293.549, 266.11), -99.38886099999999)
((0, 21.3683, 151.741, 232.93, 0, 0.630161, 151.664, 13.3816, 58.2275, 33.1409, 322.299, 232.96), (2, 105), (1, 21.6726, 153.494, 227.12, 0, 0.0764719, 152.357, 13.5417, 58.045, 32.9297, 321.538, 240.49), -198.8529215)
((0, 133.05, 20.5019, 75.9544, 0, 146.162, 3.74601, 41.0974, 35.1155, 120.912, 201.854, 172.07), (2, 165), (1, 133.624, 20.4817, 76.4025, 0, 146.73, 3.16938, 41.1899, 35.041, 121.844, 202.392, 177.52), -90.49186)
((0, 134.003, 30.9889, 125.69, 0, 146.697, 5.31309, 16.6817, 59.5482, 125.421, 206.782, 102.96), (2, 285), (1, 134.267, 30.7452, 129.74, 0, 147.02, 4.94396, 17.2228, 59.0173, 124.864, 206.909, 111.82), -85.16812)
((0, 24.731, 146.683, 275.108, 0, 0.407895, 152.225, 9.45956, 62.1425, 12.7044, 337.49, 42.61), (2, 225), (1, 25.0866, 147.07, 278.029, 0, 0.0765228, 152.574, 9.24598, 62.3455, 13.5081, 341.852, 47.19), -198.852158)
((0, 133.238, 20.6428, 118.562, 0, 146.374, 3.56114, 40.7857, 35.434, 123.721, 196.985, 120.86), (2, 195), (1, 133.569, 20.4558, 125.036, 0, 146.671, 3.22393, 41.2457, 34.9833, 124.078, 196.794, 120.86), -90.32821)
((0, 112.901, 40.2061, 28.9808, 0, 122.312, 31.0467, 1.02373, 74.4347, 105.11, 225.053, 194.18), (2, 150), (1, 113.405, 40.3168, 29.8417, 0, 122.74, 30.6485, 0.680437, 74.7916, 106.808, 225.488, 198.94), -97.95868899999999)
((0, 109.483, 2.63725, 148.659, 0, 114.893, 32.3292, 72.284, 2.93978, 121.735, 183.805, 345.69), (2, 345), (1, 109.84, 2.36208, 136.543, 0, 115.024, 32.1442, 72.9076, 2.32034, 122.082, 183.554, 345.69), -93.03898000000001)
((0, 116.475, 4.4438, 187.543, 0, 122.7, 24.5867, 71.535, 3.93572, 126.169, 188.181, 313.43), (2, 300), (1, 116.315, 4.13968, 194.772, 0, 122.334, 24.9078, 72.056, 3.40317, 126.71, 187.444, 319.15), -89.79049)
((0, 116.159, 3.95055, 201.315, 0, 122.052, 25.1634, 72.3582, 3.09199, 126.532, 187.275, 319.15), (2, 315), (1, 115.869, 3.6916, 209.331, 0, 121.593, 25.5893, 72.7417, 2.69406, 126.841, 186.569, 325.65), -91.91782)
((0, 133.491, 37.8708, 334.804, 0, 143.501, 9.86638, 0.923919, 75.2049, 121.254, 219.317, 159.26), (2, 330), (1, 133.621, 38.1377, 333.102, 0, 143.485, 9.93742, 0.288443, 75.8398, 121.872, 220.185, 163.54), -99.134671)
((0, 18.6342, 164.211, 122.681, 0, 0.676353, 152.545, 18.3304, 53.2373, 21.9491, 19.1765, 103.13), (2, 195), (1, 18.0665, 164.772, 125.547, 0, 0.359346, 152.184, 18.836, 52.7417, 21.5895, 20.4257, 103.13), -194.60981)
((0, 115.759, 4.37547, 104.987, 0, 121.981, 25.3165, 71.4121, 4.03583, 118.745, 190.3, 275.97), (2, 90), (1, 116.364, 4.28486, 102.233, 0, 122.483, 24.7811, 71.7978, 3.66611, 119.328, 190.182, 275.97), -89.00166999999999)
((0, 133.386, 29.0854, 44.3728, 0, 146.49, 5.13484, 21.1602, 55.0631, 120.866, 208.154, 142.56), (2, 90), (1, 133.971, 29.1527, 47.8461, 0, 147.062, 4.57974, 20.962, 55.2795, 121.33, 208.812, 149.65), -86.26078)
((0, 91.7476, 358.302, 93.7221, 0, 95.6085, 51.6527, 71.8287, 2.78503, 101.601, 182.935, 320.28), (2, 240), (1, 92.1456, 358.277, 101.423, 0, 95.9466, 51.2961, 72.0443, 2.58004, 102.678, 182.322, 327.09), -92.25988000000001)
((0, 37.6935, 78.2531, 338.973, 0, 35.9128, 117.505, 0.3398, 72.3854, 40.9844, 240.48, 4.28), (2, 270), (1, 38.0394, 78.6122, 335.277, 0, 35.9266, 117.527, 0.0793893, 72.805, 40.1038, 240.315, 11.15), -99.76183209999999)
((0, 43.1589, 67.7168, 288.632, 0, 45.0746, 108.263, 1.27505, 71.74, 33.2011, 236.437, 79.63), (2, 210), (1, 43.1151, 68.2433, 283.869, 0, 44.7713, 108.588, 1.01465, 71.9908, 33.081, 237.095, 79.63), -96.95605)
((0, 32.3015, 93.4061, 255.422, 0, 25.2498, 128.154, 0.497116, 71.8908, 33.4538, 295.342, 168.86), (2, 345), (1, 32.2408, 94.0731, 259.367, 0, 24.8774, 128.534, 0.417012, 71.9591, 34.7425, 295.341, 174.21), -98.748964)
((0, 32.3049, 98.0136, 275.992, 0, 22.7964, 130.682, 0.366651, 72.6769, 37.7912, 296.875, 185.21), (2, 90), (1, 32.4095, 98.5174, 287.85, 0, 22.5533, 130.941, 0.54908, 72.8517, 38.9464, 296.143, 192.52), -98.35276)
((0, 72.5065, 350.923, 159.523, 0, 73.6957, 73.6188, 71.2104, 2.71005, 77.4994, 179.727, 297.53), (2, 180), (1, 72.8394, 350.492, 157.757, 0, 73.6654, 73.5941, 71.8492, 2.07027, 78.8651, 178.836, 302.6), -93.78918999999999)
((0, 19.909, 159.041, 224.534, 0, 0.416617, 152.469, 16.1925, 55.3834, 14.4452, 300.226, 336.01), (2, 150), (1, 20.0647, 159.915, 227.111, 0, 0.742868, 152.787, 16.2948, 55.2708, 13.0963, 302.541, 340.61), -188.85698)
((0, 131.095, 6.77225, 185.342, 0, 138.158, 9.11808, 71.66, 4.29971, 143.125, 188.453, 338), (2, 60), (1, 130.982, 6.52712, 179.717, 0, 137.876, 9.35682, 72.1564, 3.79446, 143.262, 187.722, 342.19), -88.61662)
((0, 133.326, 29.0456, 25.1222, 0, 146.437, 5.1792, 21.2566, 54.965, 127.176, 204.224, 91.16), (2, 345), (1, 133.64, 29.1493, 22.2853, 0, 146.732, 4.90663, 20.9935, 55.2375, 126.391, 204.615, 97.68), -85.28011000000001)
((0, 43.6809, 315.068, 109.91, 0, 28.6292, 118.655, 71.5647, 0.930084, 32.3186, 126.942, 204.81), (2, 270), (1, 44.2174, 315.38, 116.77, 0, 29.0412, 118.207, 71.9857, 0.52212, 32.8164, 127.491, 204.81), -98.43364)
((0, 31.5841, 94.311, 341.368, 0, 24.5225, 128.84, 0.983504, 71.3814, 44.0138, 272.414, 271.32), (2, 330), (1, 32.1603, 94.6698, 334.612, 0, 24.535, 128.88, 0.373864, 71.9914, 44.583, 272.698, 271.32), -98.87840800000001)
((0, 20.1417, 158.113, 184.322, 0, 0.343417, 152.43, 15.8003, 55.778, 7.72387, 331.221, 19.32), (2, 210), (1, 19.9305, 159.98, 183.448, 0, 0.663614, 152.698, 16.4057, 55.1624, 7.45144, 335.98, 19.32), -190.04579)
((0, 26.1389, 146.105, 303.42, 0, 0.111739, 152.859, 8.1236, 63.462, 38.2187, 319.999, 232.06), (2, 60), (1, 26.535, 146.08, 308.135, 0, 0.30758, 153.085, 7.77813, 63.8012, 38.3083, 318.293, 239.29), -195.3863)
((0, 110.592, 3.23211, 231.314, 0, 116.348, 30.9294, 71.6436, 3.62617, 105.617, 189.408, 242.36), (2, 90), (1, 110.278, 3.10908, 227, 0, 115.969, 31.2997, 71.7466, 3.51118, 105.28, 189.299, 242.36), -89.46646)
((0, 109.123, 2.63613, 230.195, 0, 114.559, 32.6748, 72.1487, 3.06444, 106.52, 189.172, 252.92), (2, 150), (1, 108.833, 2.53096, 232.666, 0, 114.215, 33.0126, 72.2227, 2.97962, 106.209, 189.083, 252.92), -91.06114)
((0, 132.744, 20.3652, 86.8891, 0, 145.833, 4.05022, 41.3886, 34.8139, 121.795, 203.08, 185.99), (2, 345), (1, 133.287, 20.29, 84.2829, 0, 146.36, 3.50394, 41.6073, 34.6119, 122.329, 202.986, 185.99), -89.48818)
((0, 30.5709, 106.751, 251.557, 0, 17.7473, 135.677, 0.268834, 71.8817, 35.442, 266.443, 332.79), (2, 30), (1, 30.5269, 107.925, 251.675, 0, 17.1209, 136.306, 0.228293, 71.9024, 34.0995, 266.478, 339.81), -99.315121)
((0, 30.7836, 110.483, 261.518, 0, 15.7838, 137.678, 0.16669, 72.2551, 32.5969, 268.017, 343.95), (2, 105), (1, 30.8456, 111.193, 254.027, 0, 15.4073, 138.062, 0.256622, 72.3331, 31.2575, 268.058, 348.54), -99.23013399999999)
((0, 32.2199, 132.333, 205.408, 0, 3.75986, 149.709, 0.24847, 71.9565, 19.8471, 318.472, 57.29), (2, 315), (1, 32.0002, 133.464, 212.993, 0, 3.22609, 150.208, 0.154757, 71.5364, 19.7007, 320.369, 57.29), -99.535729)
((0, 32.4172, 139.281, 253.637, 0, 0.0334521, 153.331, 0.95474, 70.6354, 24.1645, 338.803, 78.79), (2, 195), (1, 32.7191, 140.101, 250.38, 0, 0.51655, 153.888, 0.874588, 70.6982, 24.6048, 339.599, 78.79), -192.25175)
((0, 44.3172, 67.5444, 294.093, 0, 46.0133, 107.383, 0.588413, 72.4563, 32.7873, 254.979, 131.33), (2, 180), (1, 44.2934, 68.2264, 285.264, 0, 45.6355, 107.793, 0.21786, 72.8149, 32.8329, 255.897, 131.33), -99.34642)
((0, 13.454, 215.108, 226.862, 0, 0.243943, 150.373, 32.866, 38.7308, 1.53776, 89.3946, 332.26), (2, 255), (1, 14.0883, 215.302, 231.767, 0, 0.37147, 150.975, 33.0236, 38.5538, 2.00669, 75.3445, 332.26), -194.42795)
((0, 42.2944, 70.5531, 215.023, 0, 42.9781, 110.438, 0.356764, 72.592, 49.4769, 237.723, 350.52), (2, 75), (1, 41.7198, 70.7368, 208.168, 0, 42.4813, 110.908, 0.672949, 72.2601, 48.8867, 237.726, 350.52), -97.981153)
((0, 16.1715, 238.854, 195.09, 0, 0.0854079, 149.959, 39.5135, 32.0783, 10.0165, 109.696, 340.95), (2, 75), (1, 16.7969, 239.51, 190.128, 0, 0.323919, 150.324, 40.0205, 31.5583, 11.8724, 107.639, 345.23), -195.141215)
((0, 126.524, 38.459, 4.00941, 0, 136.414, 16.9296, 1.20344, 74.7011, 118.861, 213.806, 89.63), (2, 210), (1, 126.767, 38.5998, 355.012, 0, 136.576, 16.7979, 0.844196, 75.0655, 118.094, 214.322, 95.9), -97.467412)
((0, 32.645, 137.118, 266.271, 0, 1.06955, 152.355, 0.262824, 71.3601, 36.6269, 297.48, 303.29), (2, 345), (1, 32.9214, 137.565, 272.885, 0, 0.727668, 152.71, 0.103915, 71.5082, 35.6736, 297.111, 308.5), -99.688255)
((0, 51.5261, 60.6869, 356.766, 0, 55.2125, 98.191, 0.505959, 72.8298, 45.6977, 253.869, 174.56), (2, 30), (1, 52.0676, 61.0279, 0.718144, 0, 55.4685, 97.9838, 0.060814, 73.4047, 47.485, 254.562, 180.19), -99.81755799999999)
((0, 134.476, 34.5797, 95.3053, 0, 145.993, 6.74028, 8.28289, 67.9247, 144.421, 211.757, 1.11), (2, 75), (1, 134.786, 34.4669, 95.8071, 0, 146.344, 6.37155, 8.49322, 67.7255, 144.025, 211.261, 6.54), -80.88535)
((0, 129.755, 6.77184, 139.979, 0, 136.883, 10.4288, 71.2404, 4.67902, 125.821, 192.135, 245.7), (2, 300), (1, 130.051, 6.55696, 148.823, 0, 137.013, 10.2509, 71.7962, 4.12735, 126.07, 191.902, 245.7), -87.61795000000001)
((0, 136.206, 37.3989, 19.365, 0, 146.395, 6.92984, 1.41704, 74.8033, 145.925, 220.679, 281.69), (2, 315), (1, 136.518, 37.4935, 14.1312, 0, 146.65, 6.69943, 1.13005, 75.0983, 146.93, 220.368, 289.16), -96.60985)
((0, 39.0287, 75.9151, 24.5121, 0, 37.9676, 115.458, 0.250784, 72.5394, 34.8795, 274.212, 164.7), (2, 345), (1, 39.5561, 75.7026, 32.6448, 0, 38.4126, 115.04, 0.0654601, 72.8697, 36.5814, 274.031, 169.87), -99.8036197)
((0, 130.06, 37.9023, 308.171, 0, 140.143, 13.1648, 1.61493, 74.4076, 139.859, 221.279, 281.57), (2, 270), (1, 129.877, 38.1736, 304.597, 0, 139.823, 13.5327, 1.05634, 74.9561, 139.712, 221.535, 281.57), -96.83098)
((0, 82.7974, 46.3805, 203.805, 0, 90.4611, 62.95, 0.417543, 74.0333, 81.3412, 234.73, 208.69), (2, 150), (1, 82.4467, 46.2845, 200.224, 0, 90.1857, 63.2033, 0.673717, 73.7684, 82.2451, 234.733, 213.79), -97.978849)
((0, 49.6704, 61.8334, 316.02, 0, 53.1185, 100.261, 0.784808, 72.4847, 40.3946, 252.754, 158.22), (2, 300), (1, 49.7872, 62.3032, 312.487, 0, 52.9644, 100.449, 0.388867, 72.8758, 40.5867, 253.289, 158.22), -98.833399)
((0, 133.446, 37.593, 358.125, 0, 143.602, 9.71045, 1.56536, 74.5666, 136.844, 222.744, 246.77), (2, 150), (1, 133.851, 37.7987, 9.13315, 0, 143.889, 9.47095, 1.00856, 75.1325, 137.29, 222.928, 246.77), -96.97432)
((0, 133.474, 20.7585, 129.269, 0, 146.628, 3.32821, 40.535, 35.6927, 121.103, 201.171, 165.87), (2, 0), (1, 133.705, 20.6117, 121.408, 0, 146.834, 3.09143, 40.8939, 35.3403, 121.496, 201.495, 169.4), -90.72570999999999)
((0, 134.098, 32.1293, 59.9891, 0, 146.477, 5.76316, 14.02, 62.2029, 124.253, 208.736, 112.84), (2, 105), (1, 134.719, 32.1148, 61.7247, 0, 147.097, 5.14674, 13.9775, 62.2651, 124.875, 208.737, 112.84), -84.55978)
((0, 63.2417, 52.8322, 269.315, 0, 69.2901, 84.0663, 1.05273, 72.7284, 75.9178, 230.912, 317.83), (2, 30), (1, 63.0152, 53.1311, 275.652, 0, 68.9348, 84.4375, 0.867783, 72.9021, 75.6801, 231.155, 317.83), -97.39665099999999)
((0, 127.628, 6.02432, 136.448, 0, 134.335, 12.8983, 72.1504, 3.68838, 123.599, 180.577, 107.25), (2, 15), (1, 127.901, 5.872, 132.504, 0, 134.484, 12.7138, 72.5609, 3.28263, 123.903, 180.432, 107.25), -90.15211)
((0, 132.983, 26.6785, 126.414, 0, 146.391, 4.75043, 26.7677, 49.4525, 121.467, 204.425, 130.09), (2, 165), (1, 133.203, 26.4586, 132.771, 0, 146.627, 4.47095, 27.2724, 48.9553, 121.222, 204.734, 135.65), -86.58715000000001)
((0, 133.434, 26.0898, 148.934, 0, 146.88, 4.14492, 28.1256, 48.11, 121.12, 204.892, 141.8), (2, 120), (1, 133.475, 25.9308, 146.347, 0, 146.929, 4.0638, 28.4951, 47.7421, 121.169, 204.718, 141.8), -87.8086)
((0, 138.693, 7.58414, 130.634, 0, 145.978, 1.25309, 72.1743, 4.03287, 145.655, 183.328, 49.05), (2, 120), (1, 139.114, 7.41729, 125.94, 0, 146.261, 0.926806, 72.687, 3.52904, 145.097, 182.907, 56), -97.219582)
((0, 133.014, 20.4107, 76.143, 0, 146.11, 3.77983, 41.3055, 34.9058, 136.132, 205.566, 260.91), (2, 285), (1, 133.568, 20.3681, 76.9903, 0, 146.655, 3.22245, 41.4494, 34.7792, 137.873, 205.331, 266.09), -90.33265)
((0, 105.202, 41.2162, 223.833, 0, 114.381, 38.958, 1.24913, 73.9584, 92.953, 219.654, 125.59), (2, 165), (1, 104.797, 41.1934, 222.003, 0, 114.005, 39.3214, 1.40176, 73.7939, 92.2925, 220.386, 130.93), -95.79472)
((0, 80.3433, 46.7405, 215.223, 0, 87.992, 65.3827, 0.840042, 73.5327, 67.9737, 225.787, 111.84), (2, 210), (1, 79.7601, 46.6932, 217.006, 0, 87.4757, 65.8752, 1.11673, 73.2397, 67.3916, 225.723, 111.84), -96.64981)
((0, 61.077, 54.7151, 297.796, 0, 66.4067, 87.0144, 0.301041, 73.3888, 70.4767, 241.895, 256.02), (2, 195), (1, 61.0159, 55.1292, 294.909, 0, 66.1323, 87.3192, 0.0512036, 73.7324, 70.471, 242.257, 256.02), -99.8463892)
((0, 15.0733, 232.495, 210.38, 0, 0.13638, 150.084, 37.4636, 34.1298, 16.2935, 99.3353, 20.86), (2, 150), (1, 15.4954, 232.72, 208.27, 0, 0.209004, 150.408, 37.7119, 33.8706, 17.7441, 96.2254, 25.4), -196.86494)
((0, 135.184, 35.6589, 55.5441, 0, 146.234, 6.72571, 5.65874, 70.5565, 140.526, 211.1, 33.97), (2, 180), (1, 135.604, 35.6446, 62.3156, 0, 146.653, 6.31031, 5.6147, 70.6138, 139.783, 210.895, 38.21), -83.1559)
((0, 55.0804, 57.709, 262.961, 0, 59.7093, 93.6684, 0.804912, 72.6731, 67.2584, 239.551, 300.16), (2, 345), (1, 54.7608, 58.2247, 273.437, 0, 59.1713, 94.2272, 0.563474, 72.8975, 66.9252, 238.863, 303.6), -98.309578)
((0, 135.996, 36.8304, 121.863, 0, 146.478, 6.72952, 2.78152, 73.4414, 129.817, 212.156, 83.91), (2, 315), (1, 136.246, 36.6324, 107.438, 0, 146.82, 6.35177, 3.19167, 73.0421, 130.105, 211.959, 83.91), -90.42499000000001)
((0, 73.1572, 350.847, 219.301, 0, 74.182, 73.0942, 71.6558, 2.28006, 85.178, 168.325, 26.36), (2, 225), (1, 72.8376, 350.396, 218.526, 0, 73.5949, 73.656, 71.9489, 1.96841, 84.8837, 167.928, 26.36), -94.09477)
((0, 126.696, 6.00445, 191.982, 0, 133.439, 13.8172, 71.8881, 3.92237, 134.002, 181.584, 48.71), (2, 300), (1, 126.605, 5.8464, 188.84, 0, 133.24, 13.9901, 72.1884, 3.6158, 133.938, 181.432, 48.71), -89.1526)
((0, 134.141, 17.4786, 53.7179, 0, 146.536, 2.75788, 48.2218, 28.003, 122.79, 199.996, 186.91), (2, 150), (1, 134.749, 17.5396, 63.8737, 0, 147.158, 2.14167, 48.1599, 28.0845, 123.404, 200.05, 186.91), -93.57499)
((0, 132.597, 21.9545, 19.7303, 0, 145.917, 4.28235, 37.7072, 38.498, 139.794, 197.641, 33.72), (2, 225), (1, 133.003, 22.1983, 7.34047, 0, 146.35, 3.89692, 37.1639, 39.055, 139.141, 197.578, 38.98), -88.30924)
((0, 62.2982, 343.497, 126.057, 0, 60.2988, 86.9605, 71.8523, 1.64439, 57.9336, 174.764, 259.73), (2, 345), (1, 62.6754, 343.386, 121.379, 0, 60.502, 86.7279, 72.1933, 1.3098, 58.28, 174.575, 259.73), -96.0706)
((0, 134.795, 15.6761, 115.971, 0, 146.58, 2.34555, 52.5022, 23.724, 126.954, 199.995, 213.22), (2, 255), (1, 135.068, 15.5586, 123.488, 0, 146.806, 2.09248, 52.8199, 23.4134, 127.205, 199.862, 213.22), -93.72256)
((0, 132.879, 29.2389, 76.7247, 0, 145.958, 5.69457, 20.8406, 55.3659, 126.572, 204.409, 91.88), (2, 135), (1, 133.502, 29.1593, 79.4759, 0, 146.593, 5.04733, 20.9801, 55.2465, 126.135, 204.625, 98.33), -84.85801000000001)
((0, 133.682, 29.86, 99.5991, 0, 146.638, 5.14386, 19.3372, 56.8908, 123.057, 206.896, 119.58), (2, 210), (1, 134.218, 29.6716, 100.243, 0, 147.21, 4.53805, 19.7323, 56.5138, 122.955, 207.21, 124.72), -86.38585)
((0, 111.069, 3.30598, 223.311, 0, 116.844, 30.4295, 71.6879, 3.59752, 101.997, 187.921, 217.02), (2, 165), (1, 110.611, 3.09133, 224.831, 0, 116.265, 30.9902, 71.9026, 3.36456, 101.507, 187.708, 217.02), -89.90632)
((0, 109.561, 2.6525, 242.525, 0, 114.976, 32.2457, 72.2868, 2.93961, 102.306, 188.188, 228.24), (2, 255), (1, 109.017, 2.5358, 246.349, 0, 114.388, 32.8338, 72.2845, 2.92325, 102.814, 188.442, 234.85), -91.23025)
((0, 66.3986, 51.1281, 300.393, 0, 72.9789, 80.3526, 1.34265, 72.5551, 73.9922, 239.062, 256.99), (2, 240), (1, 66.3119, 51.6995, 298.92, 0, 72.6047, 80.7745, 0.788114, 73.0978, 74.8538, 238.833, 261.08), -97.635658)
((0, 50.4195, 330.343, 162.673, 0, 42.8075, 104.467, 71.6785, 1.26482, 61.2212, 156.881, 354.27), (2, 345), (1, 50.6895, 330.025, 170.388, 0, 42.7355, 104.506, 72.0607, 0.880356, 62.0193, 155.554, 0.01), -97.35893200000001)
((0, 38.4638, 76.406, 310.816, 0, 37.3557, 116.05, 0.481886, 72.289, 28.5464, 269.838, 135.07), (2, 345), (1, 38.7746, 77.2459, 313.038, 0, 37.1003, 116.356, 0.112555, 72.8753, 28.9806, 270.79, 135.07), -99.662335)
((0, 131.186, 38.0402, 0.493744, 0, 141.167, 12.1889, 1.05697, 74.998, 129.808, 223.558, 221.81), (2, 165), (1, 131.437, 38.1773, 3.31779, 0, 141.339, 12.0481, 0.694064, 75.3663, 130.088, 223.685, 221.81), -97.91780800000001)
((0, 133.405, 17.2805, 100.549, 0, 145.747, 3.51647, 48.5817, 27.6181, 124.628, 201.264, 207.44), (2, 330), (1, 133.996, 17.1576, 94.6985, 0, 146.295, 2.93728, 48.9465, 27.2707, 125.197, 201.114, 207.44), -91.18816)
((0, 133.377, 23.8822, 48.26, 0, 146.842, 3.73996, 33.2652, 42.9692, 122.926, 206.99, 187.3), (2, 315), (1, 134.03, 23.9841, 41.1352, 0, 147.499, 3.10286, 33.0404, 43.2148, 123.591, 207.084, 187.3), -90.69142)
((0, 115.551, 39.7671, 16.2849, 0, 125.099, 28.2456, 1.18668, 74.36, 128.005, 220.131, 316.43), (2, 270), (1, 115.883, 39.8892, 10.8467, 0, 125.356, 28.017, 0.863643, 74.6911, 128.349, 219.683, 322.4), -97.409071)
((0, 43.5122, 67.9961, 312.655, 0, 45.1884, 108.183, 0.880076, 72.1386, 40.8178, 264.542, 179.96), (2, 270), (1, 43.6514, 68.5284, 309.986, 0, 45.0108, 108.394, 0.489606, 72.5234, 41.0664, 265.029, 179.96), -98.531182)
((0, 30.8572, 140.419, 288.232, 0, 0.125259, 153.095, 2.63446, 68.9586, 18.3893, 323.606, 42.33), (2, 15), (1, 31.2076, 140.683, 289.056, 0, 0.155535, 153.398, 2.37955, 69.2046, 18.7472, 323.984, 42.33), -197.666975)
((0, 17.2328, 165.696, 250.631, 0, 0.102243, 151.658, 19.5887, 52.0037, 6.87094, 23.342, 32.79), (2, 225), (1, 17.6901, 166.794, 246.23, 0, 0.463876, 152.226, 19.5627, 52.0117, 7.43746, 23.2729, 32.79), -193.04185999999999)
((0, 51.3276, 60.6046, 273.598, 0, 55.0949, 98.2935, 0.68151, 72.6505, 38.7273, 239.125, 116.95), (2, 195), (1, 51.051, 61.1334, 265.834, 0, 54.593, 98.8144, 0.46023, 72.8559, 38.4368, 241.779, 121.26), -98.61931)
((0, 137.146, 10.4425, 68.921, 0, 146.359, 1.47881, 65.1351, 11.0841, 143.617, 186.022, 49.83), (2, 60), (1, 137.582, 10.4788, 67.5755, 0, 146.803, 1.03229, 65.1607, 11.0725, 144.045, 186.07, 49.83), -96.90313)
((0, 35.6316, 82.9898, 289.677, 0, 32.2487, 121.17, 0.325168, 72.2841, 47.3317, 269.057, 253.87), (2, 345), (1, 35.7232, 83.9571, 284.081, 0, 31.7816, 121.671, 0.0683306, 72.6628, 47.8061, 268.285, 258.92), -99.7950082)
((0, 137.724, 9.60523, 125.475, 0, 146.406, 1.25179, 67.2244, 8.99626, 149.399, 187.782, 13.84), (2, 330), (1, 138.008, 9.48566, 123.089, 0, 146.604, 1.02287, 67.5776, 8.64932, 149.692, 187.676, 13.84), -96.93139)
((0, 17.2843, 165.84, 267.697, 0, 0.0349304, 151.725, 19.5896, 52.0006, 26.0044, 321.528, 253.54), (2, 60), (1, 17.6215, 166.19, 268.622, 0, 0.294732, 152.066, 19.4599, 52.1199, 26.2682, 322.044, 253.54), -195.57902)
((0, 134.317, 33.0596, 79.813, 0, 146.397, 6.03083, 11.8311, 64.3893, 125.401, 216.991, 189.67), (2, 0), (1, 134.833, 32.9612, 78.7972, 0, 146.941, 5.47405, 11.9887, 64.2489, 125.899, 216.869, 189.67), -83.57785)
((0, 132.901, 22.3524, 114.314, 0, 146.264, 4.01384, 36.8018, 39.4143, 135.013, 197.07, 62.63), (2, 300), (1, 133.233, 22.2192, 106.305, 0, 146.582, 3.66797, 37.127, 39.0993, 134.115, 196.875, 67.42), -88.99609000000001)
((0, 104.415, 41.1912, 11.7752, 0, 113.639, 39.6775, 1.51177, 73.6723, 109.982, 227.152, 252.16), (2, 75), (1, 104.76, 41.3297, 13.9726, 0, 113.899, 39.447, 1.17261, 74.0197, 111.439, 226.918, 257.3), -96.48217)
((0, 132.929, 25.7897, 67.7496, 0, 146.39, 4.5743, 28.8308, 47.3894, 143.029, 208.923, 297.51), (2, 135), (1, 133.312, 25.7739, 71.6491, 0, 146.774, 4.18783, 28.8628, 47.3695, 144.102, 208.458, 301.98), -87.43651)
((0, 110.086, 40.8008, 64.945, 0, 119.289, 34.1015, 0.657662, 74.7052, 105.207, 225.597, 213.62), (2, 300), (1, 110.73, 40.747, 56.2633, 0, 119.937, 33.4603, 0.583147, 74.8002, 107.2, 225.641, 215.32), -98.25055900000001)
((0, 115.099, 40.0026, 65.3289, 0, 124.54, 28.8348, 0.843963, 74.685, 117.915, 224.952, 230.36), (2, 150), (1, 115.62, 39.9496, 62.4357, 0, 125.07, 28.3072, 0.813299, 74.7324, 118.424, 224.879, 230.36), -97.560103)
((0, 119.861, 39.2554, 65.7252, 0, 129.535, 23.8152, 1.12941, 74.5575, 128.225, 223.2, 259.2), (2, 120), (1, 120.467, 39.1933, 63.337, 0, 130.154, 23.1974, 1.10735, 74.5992, 128.821, 223.123, 259.2), -96.67795000000001)
((0, 122.286, 38.9756, 57.0271, 0, 132.03, 21.3206, 1.11397, 74.6519, 132.43, 222.212, 275.63), (2, 0), (1, 122.901, 38.9401, 56.767, 0, 132.645, 20.712, 1.04011, 74.7452, 133.785, 221.755, 283.13), -96.87967)
((0, 123.893, 38.9209, 55.1814, 0, 133.618, 19.7567, 0.842341, 74.9738, 135.463, 221.26, 288.74), (2, 330), (1, 124.274, 38.9014, 56.3948, 0, 133.997, 19.3813, 0.792066, 75.0361, 135.842, 221.236, 288.74), -97.623802)
((0, 126.144, 38.6985, 72.9426, 0, 135.919, 17.461, 0.778965, 75.1099, 138.737, 220.064, 301.19), (2, 225), (1, 126.73, 38.5743, 81.2928, 0, 136.554, 16.8153, 0.907795, 75.0012, 139.67, 219.452, 307.77), -97.27661499999999)
((0, 135.797, 36.7593, 81.4261, 0, 146.319, 6.8707, 2.98714, 73.2308, 144.491, 213.338, 12.12), (2, 255), (1, 136.103, 36.6783, 89.8202, 0, 146.658, 6.52068, 3.11351, 73.1151, 144.808, 213.269, 12.12), -90.65947)
((0, 135.023, 7.28493, 209.882, 0, 142.262, 5.00679, 71.7439, 4.34566, 133.799, 181.932, 89.01), (2, 300), (1, 134.621, 7.06662, 213.189, 0, 141.723, 5.51363, 72.1094, 3.96315, 132.159, 181.735, 95.54), -88.11055)
((0, 133.389, 19.5126, 95.1913, 0, 146.308, 3.39966, 43.4184, 32.7991, 127.504, 204.332, 218.25), (2, 195), (1, 133.937, 19.3776, 102.194, 0, 146.824, 2.85197, 43.7856, 32.4483, 128.023, 204.17, 218.25), -91.44409)
((0, 18.7903, 162.908, 256.145, 0, 0.513301, 152.418, 17.9082, 53.6647, 16.8236, 23.3104, 77.8), (2, 285), (1, 19.3414, 163.849, 258.142, 0, 1.13374, 153.05, 17.7756, 53.7777, 17.4476, 22.9373, 77.8), -182.9939)
((0, 47.813, 63.0438, 333.823, 0, 51.0191, 102.334, 1.09405, 72.109, 35.4286, 239.57, 109.86), (2, 0), (1, 48.1768, 63.572, 338.08, 0, 51.028, 102.374, 0.521312, 72.6821, 35.6251, 242.369, 114.4), -98.436064)
((0, 32.84, 92.8263, 0.835384, 0, 25.7549, 127.682, 0.120824, 72.283, 26.494, 251.741, 37.32), (2, 255), (1, 33.2397, 92.8013, 356.478, 0, 25.9178, 127.55, 0.24369, 72.6527, 26.8724, 252.019, 37.32), -99.26893)
((0, 118.293, 4.59478, 101.63, 0, 124.513, 22.7439, 71.8834, 3.64471, 124.918, 179.517, 55.8), (2, 105), (1, 118.69, 4.53668, 102.802, 0, 124.843, 22.3914, 72.1348, 3.40369, 125.323, 179.478, 55.8), -89.78893)
((0, 29.9221, 119.688, 297.417, 0, 10.9175, 142.47, 0.69401, 71.2405, 27.0897, 274.806, 354.42), (2, 345), (1, 30.2124, 120.064, 296.772, 0, 10.695, 142.716, 0.421321, 71.5061, 27.2707, 275.44, 354.42), -98.73603700000001)
((0, 23.1392, 149.172, 248.966, 0, 0.40781, 152.061, 11.3604, 60.2416, 24.8689, 299.061, 305.75), (2, 330), (1, 23.3833, 149.934, 249.773, 0, 0.0145246, 152.456, 11.3344, 60.2552, 24.9254, 299.959, 305.75), -199.782131)
((0, 136.729, 7.1869, 185.559, 0, 143.819, 3.3856, 72.4876, 3.65118, 147.392, 189.906, 318.02), (2, 300), (1, 136.567, 6.94596, 192.978, 0, 143.49, 3.67216, 72.9841, 3.14433, 147.203, 189.686, 318.02), -90.56701)
((0, 128.317, 6.55403, 176.019, 0, 135.364, 11.947, 71.252, 4.61935, 134.669, 181.858, 54.56), (2, 135), (1, 128.294, 6.26135, 174.931, 0, 135.135, 12.1227, 71.8656, 3.99855, 133.664, 181.321, 62.23), -88.00435)
((0, 13.2545, 209.763, 255.065, 0, 0.275357, 150.45, 31.6053, 39.9926, 25.366, 39.8077, 128.32), (2, 285), (1, 13.8783, 208.904, 260.241, 0, 0.362554, 151.101, 31.449, 40.1286, 26.1932, 36.4121, 134), -194.56169)
((0, 92.5057, 43.6384, 326.59, 0, 101.018, 52.3382, 1.04932, 73.7355, 90.7787, 215.875, 58.06), (2, 135), (1, 92.5748, 43.9161, 326.88, 0, 100.938, 52.4575, 0.6022, 74.1801, 90.7866, 216.162, 58.06), -98.1934)
((0, 136.554, 36.3671, 10.4231, 0, 147.251, 5.87352, 3.74949, 72.4979, 137.654, 211.109, 49.72), (2, 150), (1, 136.849, 36.4894, 10.4532, 0, 147.48, 5.67374, 3.40541, 72.8492, 137.921, 211.241, 49.72), -89.78377)
((0, 55.1177, 58.1969, 230.257, 0, 59.4838, 93.9296, 0.390625, 73.0803, 52.4673, 225.143, 49.49), (2, 30), (1, 54.6222, 58.4216, 240.799, 0, 58.9519, 94.4537, 0.482384, 72.9717, 51.9358, 225.25, 49.49), -98.552848)
((0, 53.4583, 59.1035, 235.319, 0, 57.6273, 95.7687, 0.593124, 72.819, 48.2945, 226.243, 64.02), (2, 225), (1, 52.9139, 59.3522, 232.249, 0, 57.0478, 96.3383, 0.707843, 72.686, 47.7122, 226.367, 64.02), -97.87647100000001)
((0, 51.0939, 60.3122, 231.828, 0, 55.0575, 98.3009, 1.02994, 72.3009, 43.4442, 228.379, 73.41), (2, 300), (1, 50.6987, 60.4946, 232.99, 0, 54.6419, 98.7082, 1.12637, 72.1913, 41.9762, 229.468, 78.44), -96.62089)
((0, 34.6451, 86.2389, 302.135, 0, 30.0306, 123.402, 0.165639, 72.3735, 46.4269, 272.268, 253.09), (2, 30), (1, 34.9436, 87.039, 308.594, 0, 29.7429, 123.732, 0.328123, 72.8581, 47.0584, 271.26, 257.46), -99.015631)
((0, 44.5079, 66.5839, 301.084, 0, 46.6553, 106.704, 1.01413, 72.0509, 41.0093, 262.761, 178.13), (2, 90), (1, 44.6276, 67.3824, 308.633, 0, 46.3267, 107.08, 0.471994, 72.5827, 41.2972, 263.545, 178.13), -98.584018)
((0, 78.7456, 47.1252, 20.8199, 0, 86.3108, 67.0553, 0.939607, 73.3799, 79.9994, 236.161, 222.61), (2, 255), (1, 79.1024, 47.2481, 13.5276, 0, 86.5761, 66.8151, 0.648294, 73.6797, 81.6049, 236.065, 228.6), -98.055118)
((0, 31.1283, 124.999, 303.122, 0, 7.95489, 145.504, 0.1427, 71.9835, 40.8787, 292.455, 280.74), (2, 135), (1, 31.6723, 125.479, 292.422, 0, 7.59706, 145.904, 0.63161, 72.461, 40.6144, 291.603, 287.91), -98.10517)
((0, 13.9288, 213.684, 255.287, 0, 0.281086, 150.92, 32.6073, 38.9729, 19.4307, 74.2929, 61.71), (2, 210), (1, 14.5402, 212.934, 251.451, 0, 0.913333, 151.561, 32.5106, 39.0496, 19.7775, 72.7237, 61.71), -186.300005)
((0, 112.09, 40.4871, 18.4715, 0, 121.383, 32.0037, 0.705321, 74.7237, 124.483, 221.048, 312.98), (2, 225), (1, 112.576, 40.6767, 5.9048, 0, 121.749, 31.6791, 0.216908, 75.2237, 125.04, 220.65, 318.84), -99.349276)
((0, 134.44, 17.9344, 88.0044, 0, 146.965, 2.41728, 47.2005, 29.0379, 136.673, 203.139, 258.38), (2, 120), (1, 135.042, 17.845, 93.1916, 0, 147.537, 1.82067, 47.4843, 28.7721, 137.253, 203.029, 258.38), -94.53799000000001)
((0, 16.0502, 175.065, 272.661, 0, 0.460649, 151.97, 22.4946, 49.0799, 13.294, 44.5691, 59.81), (2, 330), (1, 16.6509, 175.052, 276.815, 0, 0.980477, 152.516, 22.191, 49.3671, 13.6889, 42.6465, 59.81), -185.292845)
((0, 55.5572, 57.7424, 301.443, 0, 60.0919, 93.3103, 0.520407, 72.9697, 43.5002, 242.208, 138.73), (2, 345), (1, 55.5665, 58.4143, 304.035, 0, 59.742, 93.7077, 0.0309909, 73.51, 44.1053, 244.548, 144.69), -99.90702730000001)
((0, 91.7797, 44.0089, 268.277, 0, 100.138, 53.2475, 0.718538, 74.0384, 92.4726, 217.042, 38.98), (2, 270), (1, 91.4327, 44.2092, 268.907, 0, 99.7043, 53.6972, 0.529053, 74.2142, 92.0893, 217.213, 38.98), -98.412841)
((0, 51.1185, 60.4979, 236.906, 0, 54.9811, 98.3902, 0.880625, 72.4478, 62.8306, 236.166, 319.94), (2, 135), (1, 50.6468, 60.8102, 236.726, 0, 54.4363, 98.9307, 0.929586, 72.3816, 62.3391, 236.386, 319.94), -97.211242)
((0, 45.8777, 65.7916, 291.039, 0, 48.096, 105.301, 0.583944, 72.5267, 50.8971, 232.175, 6.35), (2, 15), (1, 45.8751, 66.6186, 296.634, 0, 47.6559, 105.784, 0.0869539, 73.0097, 50.7381, 232.9, 6.35), -99.73913830000001)
((0, 96.7074, 42.8594, 349.063, 0, 105.411, 47.9532, 0.959877, 73.9639, 104.878, 217.38, 9.32), (2, 225), (1, 97.0327, 43.1804, 344.912, 0, 105.55, 47.8673, 0.343319, 74.5849, 105.15, 217.691, 9.32), -98.970043)
((0, 37.6245, 77.8809, 331.796, 0, 36.0677, 117.333, 0.542127, 72.188, 48.1099, 267.046, 245.82), (2, 345), (1, 38.0882, 78.5084, 328.095, 0, 36.0111, 117.443, 0.077618, 72.8059, 49.1802, 266.073, 250.4), -99.767146)
((0, 32.2528, 137.014, 290.081, 0, 1.27292, 152.122, 0.604324, 71.0251, 19.9119, 323.584, 52.42), (2, 255), (1, 32.8288, 137.38, 291.862, 0, 0.861248, 152.573, 0.149019, 71.4673, 20.5079, 323.982, 52.42), -99.552943)
((0, 133.128, 24.7618, 57.4998, 0, 146.61, 4.14882, 31.2165, 45.0106, 121.079, 206.244, 169.29), (2, 330), (1, 133.712, 24.7939, 55.4672, 0, 147.194, 3.57098, 31.1447, 45.1009, 122.071, 206.834, 174.61), -89.28706)
((0, 133.32, 20.709, 92.6488, 0, 146.466, 3.48105, 40.6384, 35.5842, 131.064, 206.093, 236.51), (2, 225), (1, 133.852, 20.6388, 85.0813, 0, 146.985, 2.94524, 40.8423, 35.3967, 132.775, 206.036, 244.43), -91.16427999999999)
((0, 134.254, 32.8867, 42.9207, 0, 146.392, 6.00086, 12.2413, 63.9789, 123.144, 210.358, 120.77), (2, 315), (1, 134.666, 32.9367, 39.4168, 0, 146.783, 5.62447, 12.0686, 64.164, 122.991, 210.948, 125.81), -83.12659)
((0, 50.1864, 60.1257, 329.41, 0, 54.4138, 98.8879, 1.68726, 71.6232, 54.9993, 252.828, 224.69), (2, 15), (1, 50.5057, 60.7632, 329.847, 0, 54.3465, 99.0105, 1.04565, 72.2627, 56.4961, 252.671, 230.77), -96.86305)
((0, 134.279, 32.1741, 67.5085, 0, 146.643, 5.60766, 13.8937, 62.3345, 133.714, 206.821, 65.59), (2, 30), (1, 134.894, 32.1383, 63.6924, 0, 147.263, 4.9872, 13.9012, 62.3465, 134.333, 206.81, 65.59), -85.0384)
((0, 114.958, 39.8953, 317.441, 0, 124.459, 28.894, 1.08862, 74.4378, 126.922, 218.087, 342.55), (2, 240), (1, 114.924, 40.1071, 313.685, 0, 124.315, 29.0729, 0.686811, 74.835, 126.875, 218.278, 342.55), -97.939567)
((0, 136.707, 12.2203, 24.6469, 0, 146.919, 1.28289, 60.9036, 15.3333, 137.305, 186.976, 76.82), (2, 45), (1, 137.115, 12.4288, 28.4967, 0, 147.426, 0.81028, 60.5077, 15.7452, 136.408, 187.168, 82.03), -97.56916)
((0, 133.268, 27.6972, 53.3016, 0, 146.576, 4.77051, 24.3917, 51.8344, 124.892, 211.833, 199.75), (2, 345), (1, 133.871, 27.7214, 57.2481, 0, 147.175, 4.17829, 24.3076, 51.9374, 126.541, 212.185, 204.37), -87.46513)
((0, 31.2646, 130.453, 322.706, 0, 5.03124, 148.383, 0.375299, 71.373, 40.7932, 297.419, 275.57), (2, 240), (1, 31.6622, 130.442, 317.906, 0, 4.92951, 148.518, 0.0095909, 71.7546, 40.466, 296.141, 282.39), -99.97122730000001)
((0, 134.061, 16.0901, 103.498, 0, 146.005, 3.01349, 51.426, 24.782, 128.628, 200.995, 224.07), (2, 60), (1, 134.456, 16.0002, 100.511, 0, 146.364, 2.63131, 51.696, 24.5233, 130.158, 201.093, 230.14), -92.10607)
((0, 135.063, 15.8837, 98.4685, 0, 146.921, 2.04237, 52.0628, 24.1742, 130.738, 200.949, 230.14), (2, 225), (1, 135.461, 15.8105, 100.626, 0, 147.288, 1.65499, 52.2973, 23.9512, 132.296, 201.003, 237.08), -95.03503)
((0, 69.2059, 50.2103, 275.793, 0, 75.9786, 77.373, 1.1088, 72.8839, 70.4681, 240.575, 215.79), (2, 165), (1, 68.9729, 50.4972, 273.026, 0, 75.619, 77.7509, 0.895577, 73.0857, 71.2806, 240.745, 221.64), -97.31326899999999)
((0, 51.6719, 60.5199, 330.658, 0, 55.4187, 97.9816, 0.54356, 72.7987, 42.9717, 229.656, 79.31), (2, 135), (1, 52.073, 61.0794, 344.296, 0, 55.4452, 98.0106, 0.101893, 73.445, 43.2711, 230.417, 79.31), -99.694321)
((0, 82.5666, 46.2526, 234.923, 0, 90.3142, 63.0749, 0.673127, 73.7731, 83.1833, 234.923, 220.71), (2, 30), (1, 81.9446, 46.3693, 244.593, 0, 89.6741, 63.709, 0.742543, 73.6834, 83.8241, 234.973, 226.52), -97.77237099999999)
((0, 80.6632, 46.7825, 239.563, 0, 88.2666, 65.1231, 0.666864, 73.7146, 83.8437, 235.279, 232.98), (2, 330), (1, 80.1072, 46.8866, 239.879, 0, 87.6964, 65.6872, 0.73753, 73.6259, 84.4414, 235.128, 240.46), -97.78741)
((0, 78.329, 47.294, 236.967, 0, 85.8375, 67.5336, 0.882283, 73.4223, 84.9546, 234.788, 250.52), (2, 270), (1, 77.8739, 47.378, 237.031, 0, 85.3732, 67.9921, 0.948827, 73.3411, 84.5183, 234.905, 250.52), -97.153519)
((0, 76.0943, 47.673, 238.334, 0, 83.5788, 69.7596, 1.26248, 72.9706, 84.5538, 234.327, 259.86), (2, 60), (1, 75.6766, 47.7844, 246.163, 0, 83.1367, 70.1995, 1.28731, 72.9318, 84.1561, 234.459, 259.86), -96.13807)
((0, 30.2114, 107.438, 309.147, 0, 17.3383, 136.059, 0.574368, 71.5632, 40.2374, 275.181, 297.2), (2, 60), (1, 30.563, 107.836, 313.623, 0, 17.1726, 136.257, 0.198415, 71.9339, 39.8035, 274.05, 301.82), -99.404755)
((0, 135.654, 36.4503, 13.7259, 0, 146.329, 6.79622, 3.73276, 72.4855, 130.945, 221.418, 208.21), (2, 180), (1, 136.055, 36.5689, 23.9811, 0, 146.664, 6.49205, 3.37761, 72.8512, 131.368, 221.525, 208.21), -89.86717)
((0, 132.697, 28.3419, 65.5295, 0, 145.922, 5.55082, 22.9268, 53.2785, 122.422, 211.626, 184.45), (2, 345), (1, 133.054, 28.3225, 72.2009, 0, 146.281, 5.18982, 22.9515, 53.2652, 123.564, 212.036, 191.3), -84.43054000000001)
((0, 132.804, 21.3863, 89.2621, 0, 146.053, 4.03241, 39.0332, 37.1763, 123.315, 205.057, 200.54), (2, 330), (1, 133.199, 21.3346, 81.7754, 0, 146.441, 3.63225, 39.1783, 37.0434, 124.666, 205.393, 205.05), -89.10325)
((0, 114.488, 40.1596, 5.8752, 0, 123.867, 29.5201, 0.698807, 74.8088, 115.497, 214.216, 47.99), (2, 240), (1, 114.88, 40.3724, 357.793, 0, 124.131, 29.3004, 0.184783, 75.3312, 114.61, 214.396, 53.32), -99.445651)
((0, 57.2365, 56.9793, 333.651, 0, 61.9114, 91.5135, 0.258089, 73.2896, 45.0125, 240.126, 132.38), (2, 345), (1, 57.4548, 57.3361, 334.902, 0, 61.9045, 91.5564, 0.160433, 73.7079, 45.2503, 240.563, 132.38), -99.518701)
((0, 63.3689, 53.0801, 320.31, 0, 69.2728, 84.1095, 0.7511, 73.0295, 69.8999, 223.688, 11.18), (2, 0), (1, 63.5313, 53.5757, 324.063, 0, 69.1531, 84.2775, 0.1908, 73.586, 69.9704, 224.153, 11.18), -99.4276)
((0, 133.993, 30.2262, 124.737, 0, 146.869, 4.98887, 18.4583, 57.777, 146.309, 209.297, 342.77), (2, 225), (1, 134.178, 30.0772, 122.294, 0, 147.086, 4.74332, 18.789, 57.4531, 146.5, 209.162, 342.77), -85.77004)
((0, 132.58, 22.539, 99.446, 0, 145.96, 4.35588, 36.3554, 39.8512, 128.724, 207.737, 225.32), (2, 345), (1, 133.098, 22.3908, 98.3665, 0, 146.465, 3.81984, 36.7221, 39.5004, 129.21, 207.564, 225.32), -88.54048)
((0, 127.716, 6.24555, 176.55, 0, 134.577, 12.6947, 71.7128, 4.13367, 138.757, 183.762, 22.92), (2, 75), (1, 127.699, 5.99403, 171.461, 0, 134.382, 12.8445, 72.2377, 3.6026, 138.148, 183.06, 27.64), -89.1922)
((0, 101.354, 41.7806, 17.6741, 0, 110.404, 42.9258, 1.36198, 73.7198, 111.092, 217.521, 357.79), (2, 0), (1, 101.869, 41.9831, 12.9921, 0, 110.79, 42.5822, 0.869354, 74.2246, 111.578, 217.725, 357.79), -97.39193800000001)
((0, 67.7586, 51.0564, 304.746, 0, 74.2352, 79.1412, 0.821245, 73.1163, 57.624, 237.855, 163.95), (2, 345), (1, 67.7409, 51.5767, 308.721, 0, 73.9444, 79.4788, 0.277294, 73.651, 58.6109, 239.385, 168.31), -99.16811799999999)
((0, 57.308, 56.5425, 296.876, 0, 62.2033, 91.1928, 0.591922, 72.965, 65.2511, 227.103, 7.84), (2, 345), (1, 57.27, 57.2278, 302.913, 0, 61.8069, 91.6376, 0.0297377, 73.5146, 64.0396, 227.103, 12.8), -99.9107869)
((0, 76.1569, 47.8993, 233.458, 0, 83.519, 69.8453, 0.961047, 73.2702, 73.6693, 235.395, 214.27), (2, 345), (1, 75.6666, 47.9414, 223.84, 0, 83.0461, 70.3062, 1.10013, 73.1161, 73.1905, 235.488, 214.27), -96.69961)
((0, 66.9768, 50.884, 280.394, 0, 73.6231, 79.7081, 1.34512, 72.5731, 76.598, 236.502, 255.82), (2, 345), (1, 66.8035, 51.1799, 283.773, 0, 73.3149, 80.0366, 1.11049, 72.7979, 77.3197, 236.115, 262.75), -96.66853)
((0, 118.648, 39.1559, 286.476, 0, 128.412, 24.8953, 1.62646, 74.025, 125.479, 224.085, 261.21), (2, 300), (1, 118.452, 39.314, 290.809, 0, 128.14, 25.19, 1.35745, 74.2854, 125.312, 224.241, 261.21), -95.92765)
((0, 46.147, 65.0658, 13.5436, 0, 48.68, 104.694, 0.853667, 72.2754, 56.8068, 252.36, 258.94), (2, 285), (1, 46.5455, 65.1912, 8.12515, 0, 48.918, 104.484, 0.519515, 72.6171, 57.7849, 251.286, 264.16), -98.44145499999999)
((0, 30.637, 106.965, 269.885, 0, 17.643, 135.788, 0.187113, 71.9601, 36.269, 267.471, 326.9), (2, 345), (1, 30.8602, 108.072, 276.221, 0, 17.082, 136.375, 0.11218, 72.2417, 36.2806, 268.473, 326.9), -99.66346)
((0, 114.205, 40.1538, 305.226, 0, 123.597, 29.7826, 0.783547, 74.7156, 101.582, 220.383, 140.46), (2, 90), (1, 114.059, 40.4292, 308.609, 0, 123.309, 30.1126, 0.292604, 75.1974, 101.539, 221.377, 147.49), -99.122188)
((0, 39.0011, 75.8548, 341.936, 0, 37.9822, 115.439, 0.29814, 72.4925, 49.5006, 246.597, 322.1), (2, 300), (1, 39.372, 76.1998, 340.28, 0, 38.0303, 115.429, 0.138623, 72.9308, 49.8287, 246.935, 322.1), -99.584131)
((0, 63.6879, 52.8598, 281.639, 0, 69.6694, 83.7072, 0.81771, 72.9754, 74.7255, 228.009, 337.42), (2, 345), (1, 63.3861, 53.4351, 281.148, 0, 69.1007, 84.3122, 0.396869, 73.3782, 74.3703, 228.477, 337.42), -98.809393)
((0, 59.2782, 55.5512, 301.651, 0, 64.4108, 88.9982, 0.442307, 73.1844, 65.6108, 225.47, 9.14), (2, 0), (1, 59.27, 55.9165, 304.376, 0, 64.2094, 89.2272, 0.12146, 73.4989, 65.5365, 225.794, 9.14), -99.63562)
((0, 48.5935, 63.0034, 264.625, 0, 51.6531, 101.739, 0.640725, 72.5824, 45.2743, 228.214, 47.67), (2, 240), (1, 48.3603, 63.4237, 262.327, 0, 51.2493, 102.154, 0.505116, 72.7053, 44.958, 228.575, 47.67), -98.484652)
((0, 78.3905, 47.1687, 218.606, 0, 85.9598, 67.3996, 1.01784, 73.2906, 81.5977, 237.032, 207.43), (2, 75), (1, 77.8489, 47.1702, 223.133, 0, 85.4582, 67.8838, 1.21979, 73.0728, 82.3317, 237.081, 219.59), -96.34063)
((0, 66.6983, 51.0725, 281.859, 0, 73.2761, 80.0617, 1.26905, 72.6381, 80.2224, 231.208, 314.6), (2, 240), (1, 66.4363, 51.558, 283.547, 0, 72.7897, 80.5817, 0.879097, 73.0127, 79.9614, 231.612, 314.6), -97.362709)
((0, 55.126, 58.1326, 315.758, 0, 59.5248, 93.8845, 0.437982, 73.0342, 42.8291, 235.312, 114.63), (2, 345), (1, 55.2046, 58.6921, 307.358, 0, 59.2918, 94.16, 0.0552493, 73.5201, 42.732, 237.791, 118.71), -99.8342521)
((0, 60.3978, 54.379, 273.272, 0, 65.9941, 87.3716, 0.945437, 72.7314, 72.0653, 230.399, 330.43), (2, 165), (1, 60.1372, 54.7537, 269.057, 0, 65.5721, 87.812, 0.730724, 72.9328, 71.7777, 230.698, 330.43), -97.807828)
((0, 50.7471, 60.3489, 295.243, 0, 54.7565, 98.587, 1.20355, 72.1178, 57.0203, 228.844, 4.33), (2, 105), (1, 50.7459, 60.8115, 303.236, 0, 54.5158, 98.8563, 0.87074, 72.443, 56.9372, 229.248, 4.33), -97.38777999999999)
((0, 60.0786, 54.4555, 293.724, 0, 65.6769, 87.6813, 1.03179, 72.635, 65.7169, 224.247, 14.77), (2, 345), (1, 60.0051, 54.854, 296.985, 0, 65.4051, 87.9812, 0.704923, 72.9533, 65.5703, 224.594, 14.77), -97.885231)
((0, 67.3992, 51.4153, 319.685, 0, 73.7248, 79.6706, 0.599789, 73.3216, 80.4336, 227.282, 345.48), (2, 195), (1, 67.4555, 51.7669, 312.66, 0, 73.5884, 79.8411, 0.204518, 73.7126, 79.7113, 226.82, 349.75), -99.386446)
((0, 66.0445, 51.8214, 10.0012, 0, 72.3024, 81.0773, 0.782458, 73.0939, 53.5557, 232.392, 128.81), (2, 345), (1, 66.5443, 52.0664, 7.06114, 0, 72.6176, 80.8033, 0.303616, 73.5828, 54.1713, 234.017, 134.47), -99.089152)
((0, 58.6329, 55.3678, 249.427, 0, 63.9521, 89.4147, 0.931635, 72.6806, 66.7358, 226.732, 358.08), (2, 60), (1, 58.3066, 55.5877, 252.045, 0, 63.557, 89.8123, 0.903303, 72.6964, 66.3795, 226.881, 358.08), -97.290091)
((0, 57.1088, 56.7075, 267.233, 0, 61.9472, 91.452, 0.555852, 72.993, 63.0995, 226.283, 10.06), (2, 345), (1, 56.8935, 57.0482, 274.141, 0, 61.5847, 91.8295, 0.381368, 73.156, 61.7801, 225.987, 16.84), -98.855896)
((0, 90.1304, 43.7403, 0.477509, 0, 98.7187, 54.5859, 1.65401, 73.0581, 92.3441, 231.546, 231.67), (2, 315), (1, 90.6372, 44.0427, 1.48195, 0, 99.0414, 54.3162, 1.03904, 73.6832, 92.9108, 231.796, 231.67), -96.88288)
((0, 133.287, 30.6467, 67.8851, 0, 146.069, 5.86673, 17.5477, 58.6623, 129.256, 215.856, 217.34), (2, 240), (1, 133.929, 30.5907, 77.391, 0, 146.721, 5.20858, 17.6156, 58.615, 131.108, 215.91, 222.62), -84.37425999999999)
((0, 80.8551, 46.6626, 10.423, 0, 88.5077, 64.8745, 0.75313, 73.6359, 92.8004, 229.01, 295.62), (2, 285), (1, 81.1387, 46.8098, 3.78314, 0, 88.6929, 64.715, 0.454982, 73.9399, 93.0922, 229.131, 295.62), -98.635054)
((0, 76.2113, 47.4253, 278.182, 0, 83.8141, 69.5019, 1.52198, 72.7186, 89.2536, 231.419, 293.49), (2, 300), (1, 75.8549, 47.8425, 279.972, 0, 83.2706, 70.0776, 1.14761, 73.0758, 89.2135, 230.969, 298.84), -96.55717)
((0, 73.8444, 49.183, 258.249, 0, 80.7254, 72.6923, 0.341019, 73.8018, 87.4614, 229.641, 314.35), (2, 240), (1, 73.337, 49.5122, 260.636, 0, 80.0882, 73.3447, 0.16436, 73.9583, 86.9572, 229.921, 314.35), -99.50692000000001)
((0, 135.403, 37.7395, 348.128, 0, 145.433, 7.94463, 0.802621, 75.3873, 129.357, 222.497, 203.45), (2, 225), (1, 135.589, 37.9395, 339.361, 0, 145.507, 7.91395, 0.300392, 75.8918, 130.808, 222.912, 207.69), -99.09882400000001)
((0, 84.7402, 45.4935, 304.511, 0, 92.741, 60.6254, 0.93702, 73.586, 89.1031, 233.315, 242.51), (2, 345), (1, 84.5747, 45.9415, 298.928, 0, 92.3498, 61.0649, 0.376018, 74.1346, 90.1526, 233.359, 247.26), -98.87194600000001)
((0, 127.29, 6.11353, 169.977, 0, 134.079, 13.1802, 71.8529, 3.97785, 138.474, 183.696, 21.86), (2, 165), (1, 127.32, 5.83551, 171.352, 0, 133.908, 13.2996, 72.4465, 3.37881, 138.53, 183.441, 21.86), -89.86357)
((0, 84.8046, 45.9011, 191.011, 0, 92.5857, 60.8312, 0.349848, 74.1682, 71.4921, 229.957, 155.47), (2, 225), (1, 84.4074, 45.7206, 189.667, 0, 92.3107, 61.0726, 0.739853, 73.7695, 71.0771, 229.766, 155.47), -97.780441)
((0, 56.9016, 56.7599, 303.033, 0, 61.7438, 91.6498, 0.620302, 72.9221, 63.1612, 226.258, 8.35), (2, 210), (1, 56.8973, 57.44, 299.701, 0, 61.379, 92.0638, 0.0500319, 73.4808, 63.0334, 226.86, 8.35), -99.84990429999999)
((0, 126.447, 38.4297, 2.18649, 0, 136.354, 16.982, 1.28416, 74.6185, 113.927, 218.213, 138.72), (2, 225), (1, 126.768, 38.6231, 353.139, 0, 136.565, 16.814, 0.793827, 75.1155, 114.247, 218.428, 138.72), -97.61851899999999)
((0, 72.6357, 49.2177, 273.212, 0, 79.6065, 73.7721, 0.794823, 73.3126, 76.8164, 220.266, 26.73), (2, 225), (1, 72.3393, 49.5632, 277.417, 0, 79.155, 74.2474, 0.518715, 73.5745, 76.4553, 220.554, 26.73), -98.443855)
((0, 137.113, 10.4419, 111.115, 0, 146.326, 1.51208, 65.1279, 11.0902, 148.751, 188.435, 15.09), (2, 150), (1, 137.472, 10.3466, 113.431, 0, 146.618, 1.19349, 65.4399, 10.7874, 149.119, 188.352, 15.09), -96.41953000000001)
((0, 92.0794, 43.9022, 297.006, 0, 100.477, 52.9025, 0.783527, 73.9842, 90.9481, 216.142, 54.81), (2, 210), (1, 91.9371, 44.131, 292.608, 0, 100.222, 53.1839, 0.482309, 74.2773, 89.5545, 216.426, 62.18), -98.553073)
((0, 63.0405, 52.8303, 312.736, 0, 69.1135, 84.2347, 1.14831, 72.6272, 58.7447, 221.72, 64.79), (2, 345), (1, 63.0428, 53.3929, 305.227, 0, 68.8217, 84.5736, 0.600908, 73.1654, 57.3338, 222.776, 69.61), -98.197276)
((0, 115.376, 39.8039, 12.2205, 0, 124.911, 28.4359, 1.15936, 74.3813, 102.902, 218.736, 132.57), (2, 225), (1, 115.86, 40.0088, 7.01659, 0, 125.27, 28.1218, 0.635833, 74.9162, 103.25, 219.811, 139.22), -98.092501)
((0, 132.986, 25.073, 74.1667, 0, 146.466, 4.35497, 30.4935, 45.729, 129.841, 210.36, 225.78), (2, 60), (1, 133.626, 25.008, 78.9812, 0, 147.107, 3.70129, 30.645, 45.5978, 131.676, 210.368, 232.15), -88.89613)
((0, 95.2779, 42.8548, 351.169, 0, 104.055, 49.2715, 1.40401, 73.4769, 107.452, 223.52, 311.59), (2, 75), (1, 95.6196, 43.1243, 357.4, 0, 104.239, 49.133, 0.871797, 74.0149, 107.798, 223.757, 311.59), -97.384609)
((0, 133.68, 18.4376, 68.9358, 0, 146.344, 3.14626, 45.9406, 30.2782, 128.581, 203.465, 223.48), (2, 225), (1, 134.035, 18.4318, 78.5117, 0, 146.696, 2.79008, 45.9949, 30.2349, 130.102, 203.635, 229.61), -91.62976)
((0, 69.0361, 50.2188, 322.514, 0, 75.8208, 77.5254, 1.17166, 72.816, 79.69, 235.259, 274.54), (2, 225), (1, 69.1099, 50.5546, 317.406, 0, 75.7124, 77.668, 0.774153, 73.2101, 80.3565, 234.758, 281.02), -97.67754099999999)
((0, 47.1197, 64.5477, 286.923, 0, 49.6961, 103.703, 0.555908, 72.6053, 35.1746, 249.497, 127.76), (2, 345), (1, 47.0521, 65.3433, 291.003, 0, 49.2226, 104.216, 0.0975873, 73.0487, 35.1652, 250.568, 127.76), -99.7072381)
((0, 136.528, 12.1992, 59.4214, 0, 146.734, 1.46781, 60.9129, 15.3181, 132.722, 187.098, 97.42), (2, 345), (1, 137.099, 12.2623, 66.389, 0, 147.324, 0.878689, 60.8928, 15.3569, 133.278, 187.184, 97.42), -97.363933)
((0, 134.175, 31.8892, 23.2971, 0, 146.623, 5.56897, 14.5687, 61.6588, 122.967, 214.456, 174.53), (2, 225), (1, 134.655, 32.0663, 11.565, 0, 147.047, 5.18555, 14.0985, 62.1425, 124.137, 215.133, 178.81), -84.44335)
((0, 67.7038, 51.393, 238.248, 0, 74.0088, 79.3962, 0.488312, 73.4421, 80.209, 232.951, 313.02), (2, 30), (1, 67.1979, 51.5964, 249.686, 0, 73.4493, 79.9548, 0.499027, 73.4136, 79.7098, 233.133, 313.02), -98.50291899999999)
((0, 122.434, 38.754, 351.064, 0, 132.29, 21.0249, 1.53812, 74.236, 110.867, 216.458, 120.32), (2, 90), (1, 122.628, 38.9139, 353.077, 0, 132.394, 20.9527, 1.15993, 74.6175, 110.604, 217.264, 125.48), -96.52020999999999)
((0, 65.0562, 52.0219, 326.106, 0, 71.3184, 82.0405, 1.02434, 72.8209, 71.6603, 241.008, 248.36), (2, 345), (1, 65.2031, 52.3645, 330.648, 0, 71.2694, 82.125, 0.610768, 73.233, 71.8661, 241.297, 248.36), -98.167696)
((0, 133.147, 26.0268, 60.158, 0, 146.596, 4.41539, 28.277, 47.9497, 121.247, 207.616, 168.83), (2, 60), (1, 133.569, 26.0432, 58.6523, 0, 147.018, 3.99749, 28.2317, 48.0084, 122.093, 208.194, 173.93), -88.00753)
((0, 124.834, 38.6586, 323.477, 0, 134.669, 18.6775, 1.17206, 74.6773, 136.804, 217.032, 341.61), (2, 120), (1, 124.876, 38.8506, 330.645, 0, 134.608, 18.7742, 0.755771, 75.0917, 136.465, 216.794, 344.88), -97.732687)
((0, 74.0331, 48.8818, 336.787, 0, 81.0571, 72.3366, 0.619606, 73.5337, 62.6531, 233.514, 159.12), (2, 0), (1, 74.1948, 49.1679, 334.412, 0, 81.0526, 72.3759, 0.215776, 73.9374, 63.6008, 234.811, 163.27), -99.352672)
((0, 133.238, 24.9949, 73.826, 0, 146.719, 4.08669, 30.675, 45.5555, 128.45, 210.063, 219.27), (2, 225), (1, 133.79, 24.9329, 87.5605, 0, 147.271, 3.52146, 30.8206, 45.4275, 128.987, 209.978, 219.27), -89.43562)
((0, 39.3597, 72.3751, 327.063, 0, 40.0206, 113.29, 1.58655, 71.2686, 26.8041, 252.349, 111), (2, 180), (1, 39.7361, 73.0632, 320.798, 0, 39.92, 113.442, 0.988439, 71.8635, 27.1815, 253.355, 111), -97.034683)
((0, 39.3059, 74.684, 317.037, 0, 38.7934, 114.604, 0.575945, 72.2404, 42.8834, 271.44, 204.26), (2, 345), (1, 39.5378, 75.2178, 317.605, 0, 38.6599, 114.773, 0.161927, 72.6502, 43.211, 271.82, 204.26), -99.514219)
((0, 124.293, 38.8171, 2.81799, 0, 134.06, 19.3037, 0.965236, 74.8649, 115.807, 223.306, 185.83), (2, 315), (1, 124.652, 39.0444, 354.389, 0, 134.287, 19.1254, 0.399924, 75.4374, 117.184, 223.897, 192.85), -98.800228)
((0, 59.7763, 54.8657, 315.078, 0, 65.201, 88.1765, 0.808074, 72.8437, 70.9268, 229.715, 337.25), (2, 345), (1, 59.8712, 55.2661, 319.066, 0, 65.0721, 88.3406, 0.398605, 73.2491, 70.4692, 229.322, 341.61), -98.80418499999999)
((0, 56.8754, 56.861, 296.07, 0, 61.6683, 91.7315, 0.548694, 72.9913, 53.3969, 224.167, 54.47), (2, 0), (1, 56.8368, 57.2493, 298.548, 0, 61.4299, 91.9963, 0.242382, 73.2901, 53.2746, 224.562, 54.47), -99.272854)
((0, 67.6501, 50.9122, 334.785, 0, 74.213, 79.146, 1.02189, 72.915, 59.0447, 222.67, 85.15), (2, 105), (1, 67.8892, 51.3469, 337.434, 0, 74.199, 79.2089, 0.454957, 73.4814, 59.2081, 223.196, 85.15), -98.635129)
((0, 73.4333, 48.9973, 274.402, 0, 80.449, 72.9355, 0.726443, 73.4077, 78.7224, 220.311, 25.19), (2, 225), (1, 73.0651, 49.3642, 271.006, 0, 79.9199, 73.4885, 0.448847, 73.6685, 78.2874, 220.609, 25.19), -98.653459)
((0, 69.624, 50.4108, 315.991, 0, 76.2511, 77.1347, 0.71069, 73.2906, 79.9841, 224.987, 346.18), (2, 270), (1, 69.6943, 50.9666, 313.507, 0, 76.019, 77.4219, 0.0710958, 73.9229, 79.9897, 225.474, 346.18), -99.7867126)
((0, 135.835, 36.0126, 129.988, 0, 146.712, 6.32882, 4.71533, 71.515, 134.921, 221.355, 225.5), (2, 225), (1, 135.922, 35.7752, 140.438, 0, 146.907, 6.08812, 5.25181, 70.9847, 134.956, 221.114, 225.5), -84.24457)
((0, 135.472, 35.0348, 171.177, 0, 146.787, 6.05215, 7.05762, 69.1751, 136.792, 220.347, 238.96), (2, 225), (1, 135.264, 34.8526, 170.349, 0, 146.659, 6.14049, 7.51746, 68.7112, 137.718, 220.063, 246.56), -81.57853)
((0, 132.839, 26.5893, 97.0617, 0, 146.254, 4.86928, 26.9784, 49.2375, 145.294, 207.326, 324.39), (2, 225), (1, 133.245, 26.4446, 108.937, 0, 146.67, 4.42584, 27.304, 48.9251, 145.807, 206.715, 331.97), -86.72248)
((0, 84.9031, 45.517, 283.976, 0, 92.881, 60.4931, 0.847421, 73.68, 83.2343, 217.037, 55.77), (2, 315), (1, 84.5942, 45.8709, 285.29, 0, 92.4056, 61.0013, 0.466357, 74.046, 82.8516, 217.363, 55.77), -98.60092900000001)
((0, 137.584, 9.51288, 117.451, 0, 146.213, 1.42938, 67.4009, 8.81363, 147.469, 186.427, 29.58), (2, 180), (1, 137.912, 9.40318, 121.68, 0, 146.46, 1.15295, 67.7432, 8.47914, 147.811, 186.332, 29.58), -96.54115)
((0, 138.737, 9.09964, 121.903, 0, 147.058, 0.474942, 68.6729, 7.56841, 147.886, 185.678, 34.52), (2, 285), (1, 139.267, 8.89042, 130.521, 0, 147.431, 0.0473481, 69.3076, 6.94548, 147.586, 185.133, 39.78), -99.85795569999999)
((0, 58.8211, 55.758, 281.674, 0, 63.9091, 89.4956, 0.491479, 73.1194, 68.899, 242.431, 263.26), (2, 345), (1, 58.6829, 56.1298, 286.535, 0, 63.5935, 89.8333, 0.235293, 73.3656, 69.4662, 241.876, 268.81), -99.29412099999999)
((0, 32.9006, 90.1342, 290.186, 0, 27.1973, 126.191, 0.683094, 71.7664, 41.7575, 256.423, 321.72), (2, 345), (1, 33.1344, 91.1484, 293.172, 0, 26.7595, 126.668, 0.228638, 72.207, 41.8452, 257.277, 321.72), -99.314086)
((0, 51.411, 59.7599, 2.96118, 0, 55.6017, 97.7375, 1.25303, 72.095, 62.7339, 234.284, 329.66), (2, 150), (1, 51.9708, 60.009, 12.9204, 0, 55.9304, 97.4522, 0.748869, 72.6096, 62.7146, 233.575, 337.4), -97.753393)
((0, 67.3462, 51.4172, 302.788, 0, 73.6763, 79.7172, 0.62136, 73.2985, 73.7091, 222.551, 13.67), (2, 300), (1, 67.273, 51.931, 301.189, 0, 73.338, 80.0992, 0.114562, 73.7946, 73.5434, 223.006, 13.67), -99.65631400000001)
((0, 52.6613, 59.0482, 303.064, 0, 56.9978, 96.3562, 1.08136, 72.3109, 49.9638, 225.493, 47.28), (2, 345), (1, 52.6813, 59.5412, 303.472, 0, 56.7574, 96.6298, 0.6954, 72.6892, 48.6563, 226.171, 53.92), -97.91380000000001)
((0, 108.103, 40.7957, 324.124, 0, 117.386, 35.9577, 1.20474, 74.0979, 99.8295, 225.991, 184.18), (2, 300), (1, 108.174, 41.0797, 325.392, 0, 117.305, 36.0847, 0.669694, 74.6304, 99.949, 226.294, 184.18), -97.990918)
((0, 51.3845, 60.3674, 281.86, 0, 55.2652, 98.1111, 0.821773, 72.5157, 56.2028, 252.782, 223.9), (2, 345), (1, 51.2613, 60.8477, 284.939, 0, 54.9134, 98.4868, 0.543361, 72.7829, 56.1748, 253.238, 223.9), -98.369917)
((0, 97.8446, 42.5091, 336.306, 0, 106.676, 46.6691, 1.18246, 73.7813, 88.4538, 217.465, 95.82), (2, 210), (1, 97.9292, 42.7039, 328.082, 0, 106.655, 46.72, 0.839653, 74.1235, 87.6877, 218.258, 103.12), -97.481041)
((0, 57.0367, 56.9053, 332.781, 0, 61.7816, 91.6288, 0.426187, 73.1174, 48.9552, 226.573, 78.18), (2, 345), (1, 57.2167, 57.2586, 327.203, 0, 61.7454, 91.6989, 0.0321439, 73.5103, 48.0704, 227.952, 83.16), -99.9035683)
((0, 32.7498, 139.349, 279.508, 0, 0.139644, 153.529, 0.66722, 70.9175, 43.8404, 310.784, 253.31), (2, 165), (1, 33.3166, 139.932, 276.495, 0, 0.683192, 154.105, 0.291728, 71.2758, 44.3506, 311.326, 253.31), -99.12481600000001)
((0, 49.1328, 63.2683, 306.653, 0, 51.9358, 101.5, 0.130258, 73.1018, 37.2281, 248.77, 131.05), (2, 120), (1, 49.2517, 63.9995, 312.912, 0, 51.6344, 101.85, 0.43461, 73.6572, 37.929, 251.443, 137.04), -98.69617)
((0, 80.451, 46.6879, 319.229, 0, 88.1195, 65.2527, 0.868855, 73.5079, 92.6967, 228.223, 301.13), (2, 225), (1, 80.5058, 46.9705, 322.813, 0, 88.0212, 65.3845, 0.479898, 73.8938, 92.9727, 227.53, 307.17), -98.560306)
((0, 49.7482, 61.0983, 323.752, 0, 53.562, 99.7773, 1.25191, 72.0316, 40.7956, 229.98, 79.15), (2, 345), (1, 50.0224, 61.7483, 325.086, 0, 53.4442, 99.9483, 0.633643, 72.6462, 39.8474, 232.336, 85.33), -98.09907100000001)
((0, 64.2286, 52.3246, 61.2004, 0, 70.4264, 82.9261, 1.09753, 72.7195, 57.69, 242.402, 179.79), (2, 150), (1, 64.7385, 52.1539, 58.8014, 0, 70.9674, 82.3904, 1.03553, 72.7986, 58.1586, 242.127, 179.79), -96.89341)
((0, 134.185, 31.068, 87.3856, 0, 146.858, 5.16984, 16.4787, 59.7563, 144.576, 213.895, 295.95), (2, 270), (1, 134.543, 30.996, 79.6046, 0, 147.232, 4.78446, 16.6094, 59.6374, 145.554, 213.368, 300.26), -85.64662)
((0, 34.7373, 86.4429, 307.28, 0, 29.9659, 123.479, 0.0254525, 72.5116, 46.0625, 273.815, 245.42), (2, 60), (1, 35.0456, 87.1748, 311.767, 0, 29.7167, 123.77, 0.45712, 72.9863, 46.8297, 272.818, 250.2), -98.62863999999999)
((0, 54.7267, 57.9166, 311.521, 0, 59.3043, 94.0713, 0.828951, 72.6363, 63.821, 229.748, 348.55), (2, 135), (1, 54.847, 58.4187, 321.394, 0, 59.1406, 94.2754, 0.361108, 73.0989, 63.0391, 229.317, 353.5), -98.916676)
((0, 50.0605, 61.2518, 293.97, 0, 53.734, 99.6304, 0.959878, 72.3291, 37.5494, 242.777, 122.35), (2, 345), (1, 50.0258, 61.7847, 294.453, 0, 53.4277, 99.9671, 0.60617, 72.6731, 37.5278, 243.489, 122.35), -98.18149)
((0, 56.6583, 56.6281, 323.529, 0, 61.6064, 91.7667, 0.859083, 72.6789, 44.4465, 239.832, 133.49), (2, 210), (1, 56.8512, 57.1992, 317.917, 0, 61.4687, 91.9545, 0.276719, 73.257, 45.0526, 242.048, 139.59), -99.169843)
((0, 44.7165, 66.4669, 290.271, 0, 46.8716, 106.494, 0.94427, 72.1276, 49.5009, 232.076, 7.99), (2, 285), (1, 44.6589, 67.2103, 287.346, 0, 46.4404, 106.959, 0.55022, 72.508, 48.2052, 232.09, 15.45), -98.34934)
((0, 40.979, 71.1244, 9.8861, 0, 41.7665, 111.594, 1.00987, 71.9005, 39.3817, 268.971, 180.24), (2, 225), (1, 41.3217, 71.1969, 7.33514, 0, 41.9651, 111.419, 0.726815, 72.1899, 39.7239, 268.891, 180.24), -97.81955500000001)
((0, 51.4042, 60.6766, 278.581, 0, 55.1192, 98.2775, 0.584462, 72.7483, 63.5713, 244.103, 282.84), (2, 165), (1, 51.2633, 61.0147, 269.885, 0, 54.8269, 98.5839, 0.421079, 72.9025, 63.4487, 244.384, 282.84), -98.736763)
((0, 49.0214, 63.2402, 245.849, 0, 51.8635, 101.565, 0.218095, 73.0117, 61.5282, 242.876, 298.88), (2, 150), (1, 48.4965, 63.7729, 243.284, 0, 51.1704, 102.26, 0.189375, 73.0185, 60.9181, 242.093, 303.93), -99.43187499999999)
((0, 34.8833, 83.405, 326.742, 0, 31.6392, 121.737, 0.82583, 71.7642, 42.544, 278.072, 215.49), (2, 345), (1, 35.3615, 84.0336, 328.077, 0, 31.5557, 121.873, 0.216969, 72.3704, 43.1035, 278.41, 215.49), -99.34909300000001)
((0, 43.1051, 67.8857, 299.695, 0, 44.9486, 108.394, 1.21826, 71.7928, 33.6628, 260.739, 151.12), (2, 315), (1, 43.1796, 68.7225, 298.434, 0, 44.5686, 108.817, 0.708175, 72.2909, 34.9157, 262.877, 157.72), -97.875475)
((0, 124.626, 38.6794, 313.764, 0, 134.456, 18.89, 1.17716, 74.6655, 132.66, 214.331, 15.75), (2, 60), (1, 124.568, 38.928, 320.171, 0, 134.268, 19.1216, 0.665739, 75.1709, 132.561, 214.562, 15.75), -98.002783)
((0, 35.9177, 83.0745, 353.666, 0, 32.3542, 121.088, 0.0545493, 72.5581, 48.395, 261.359, 284.33), (2, 345), (1, 36.4299, 83.3482, 342.727, 0, 32.4751, 121.013, 0.471697, 73.0882, 48.9017, 261.581, 284.33), -98.58490900000001)
((0, 50.4729, 60.6406, 302.274, 0, 54.3834, 98.9644, 1.15254, 72.157, 49.9105, 255.002, 202.29), (2, 90), (1, 50.5253, 61.1477, 309.677, 0, 54.1622, 99.2194, 0.759582, 72.5429, 51.3598, 255.233, 206.65), -97.721254)
((0, 102.29, 41.3641, 334.82, 0, 111.513, 41.7783, 1.80587, 73.311, 89.7424, 222.153, 143.86), (2, 225), (1, 102.422, 41.6191, 334.683, 0, 111.509, 41.823, 1.33128, 73.7854, 89.8816, 222.442, 143.86), -96.00616)
((0, 120.585, 38.9109, 338.592, 0, 130.415, 22.8892, 1.65505, 74.0597, 117.191, 224.706, 211.9), (2, 225), (1, 120.671, 39.066, 332.988, 0, 130.418, 22.9152, 1.31744, 74.3975, 117.31, 224.861, 211.9), -96.04768)
((0, 76.2273, 47.9024, 327.859, 0, 83.582, 69.785, 0.929827, 73.3034, 87.8725, 231.115, 290.1), (2, 135), (1, 76.3379, 48.1429, 334.841, 0, 83.5573, 69.8388, 0.591967, 73.6405, 88.377, 230.514, 294.67), -98.224099)
((0, 41.0424, 70.3267, 334.216, 0, 42.2209, 111.109, 1.36358, 71.5612, 51.3263, 241.314, 330.94), (2, 345), (1, 41.5142, 70.982, 334.446, 0, 42.2104, 111.177, 0.696125, 72.2283, 51.7181, 241.915, 330.94), -97.911625)
((0, 31.1708, 127.56, 357.545, 0, 6.58183, 146.858, 0.0865533, 71.7108, 43.6032, 304.396, 246.3), (2, 345), (1, 31.6794, 126.929, 356.403, 0, 6.81006, 146.679, 0.483634, 72.2882, 44.1295, 303.979, 246.3), -98.549098)
((0, 134.03, 37.562, 320.458, 0, 144.187, 9.12997, 1.5094, 74.6411, 133.47, 222.93, 226.21), (2, 225), (1, 133.991, 37.7392, 313.654, 0, 144.057, 9.29397, 1.11334, 75.033, 134.717, 223.09, 232.25), -96.65997999999999)
((0, 72.0836, 49.6095, 314.192, 0, 78.8984, 74.4994, 0.571748, 73.5133, 60.2037, 226.213, 113.81), (2, 240), (1, 72.0843, 50.0798, 307.415, 0, 78.6484, 74.7957, 0.0342543, 74.0429, 59.8103, 227.952, 118.69), -99.8972371)
((0, 57.0366, 56.8977, 188.34, 0, 61.7855, 91.6243, 0.432739, 73.111, 64.3881, 246.437, 246.46), (2, 135), (1, 56.4758, 56.7281, 204.571, 0, 61.3992, 91.9729, 0.870656, 72.6608, 63.8071, 246.372, 246.46), -97.38803200000001)
((0, 31.5026, 100.977, 300.136, 0, 20.9935, 132.457, 0.0367874, 72.29, 30.8523, 304.171, 155.17), (2, 165), (1, 31.8986, 101.86, 292.66, 0, 20.6095, 132.884, 0.536888, 72.778, 31.4079, 304.713, 155.17), -98.389336)
((0, 76.2716, 47.9348, 210.175, 0, 83.6058, 69.7661, 0.87289, 73.3611, 87.1468, 230.271, 279.76), (2, 0), (1, 75.7079, 47.8403, 214.684, 0, 83.1366, 70.2065, 1.20713, 73.012, 87.1329, 229.494, 285.61), -96.37861000000001)
((0, 38.2982, 76.3066, 324.263, 0, 37.3049, 116.086, 0.652775, 72.1165, 48.8507, 247.218, 320.34), (2, 345), (1, 38.7173, 76.9965, 326.611, 0, 37.1989, 116.245, 0.0363051, 72.7296, 49.1909, 247.831, 320.34), -99.8910847)
((0, 51.7913, 59.8915, 320.616, 0, 55.845, 97.5212, 0.938806, 72.417, 40.6224, 232.675, 95.8), (2, 345), (1, 51.938, 60.3231, 320.328, 0, 55.7387, 97.6623, 0.534742, 72.8177, 40.1646, 234.813, 102.62), -98.395774)
((0, 42.0626, 69.9757, 327.314, 0, 43.1187, 110.258, 0.820735, 72.1324, 42.764, 232.904, 26.69), (2, 345), (1, 42.4785, 70.5561, 340.074, 0, 43.1049, 110.323, 0.22389, 72.7288, 41.7454, 233.382, 31.39), -99.32833)
((0, 56.6104, 56.7507, 301.083, 0, 61.5016, 91.8782, 0.781002, 72.7537, 55.3212, 223.89, 43.83), (2, 255), (1, 56.5865, 57.1803, 298.917, 0, 61.2553, 92.1544, 0.433382, 73.0935, 53.9586, 224.343, 50.06), -98.699854)
((0, 49.4572, 62.5235, 285.496, 0, 52.5865, 100.823, 0.43738, 72.8153, 61.0876, 237.548, 321.65), (2, 135), (1, 49.3125, 63.1904, 280.553, 0, 52.1181, 101.323, 0.0718684, 73.166, 60.4164, 237.004, 328.81), -99.7843948)
((0, 57.9614, 55.7702, 309.949, 0, 63.1657, 90.2022, 0.919799, 72.6676, 45.5204, 238.234, 132.44), (2, 330), (1, 57.9888, 56.3805, 306.024, 0, 62.8683, 90.5463, 0.376409, 73.2015, 45.5752, 239.009, 132.44), -98.870773)
((0, 51.6142, 60.3231, 280.918, 0, 55.4752, 97.9097, 0.721675, 72.6224, 61.888, 233.105, 339.37), (2, 90), (1, 51.4249, 61.0175, 286.559, 0, 54.9558, 98.4633, 0.324223, 73.0034, 60.8745, 232.655, 343.83), -99.027331)
((0, 59.0235, 55.3719, 320.756, 0, 64.2863, 89.0979, 0.7309, 72.8919, 47.7113, 229.478, 101.92), (2, 240), (1, 59.1474, 56.0188, 310.182, 0, 64.0497, 89.3892, 0.0937486, 73.5216, 47.2864, 231.636, 109.28), -99.7187542)
((0, 82.2861, 45.733, 283.45, 0, 90.3231, 62.9972, 1.47155, 72.9749, 89.7574, 232.359, 257.35), (2, 225), (1, 81.9795, 46.0611, 278.922, 0, 89.8677, 63.4811, 1.14108, 73.291, 90.4502, 232.13, 262.5), -96.57676000000001)
((0, 63.3517, 53.0949, 311.158, 0, 69.2499, 84.133, 0.744767, 73.0351, 69.2704, 223.301, 15.49), (2, 225), (1, 63.4673, 53.6527, 323.193, 0, 69.0559, 84.3786, 0.146435, 73.6273, 68.2239, 223.381, 24.49), -99.56069500000001)
((0, 126.178, 38.5053, 342.037, 0, 136.054, 17.2913, 1.1845, 74.7087, 121.321, 223.823, 206.36), (2, 225), (1, 126.418, 38.7225, 353.827, 0, 136.172, 17.218, 0.662823, 75.2341, 121.604, 224.038, 206.36), -98.01153099999999)
((0, 57.5096, 56.3455, 339.891, 0, 62.4785, 90.9121, 0.655494, 72.9101, 52.6072, 224.253, 65.61), (2, 105), (1, 57.7587, 56.7111, 338.454, 0, 62.4968, 90.932, 0.211825, 73.3544, 52.7741, 224.7, 65.61), -99.364525)
((0, 59.5951, 55.1466, 311.798, 0, 64.8971, 88.4944, 0.644904, 72.9972, 52.5487, 224.489, 74.45), (2, 345), (1, 59.6512, 55.5296, 313.29, 0, 64.7428, 88.6808, 0.272519, 73.3647, 52.5303, 224.928, 74.45), -99.182443)
((0, 113.672, 40.007, 297.156, 0, 123.16, 30.183, 1.2036, 74.2817, 125.378, 222.051, 299.94), (2, 225), (1, 113.493, 40.2043, 293.455, 0, 122.884, 30.4876, 0.872364, 74.6042, 125.563, 221.665, 304.65), -97.382908)
((0, 45.6006, 66.6659, 345.693, 0, 47.4263, 106, 0.240945, 72.8485, 51.6062, 259.74, 222.72), (2, 210), (1, 45.9207, 67.0095, 338.981, 0, 47.4801, 105.982, 0.176994, 73.2681, 52.9869, 259.17, 228.95), -99.469018)
((0, 134.009, 30.4086, 27.1902, 0, 146.843, 5.05071, 18.0319, 58.2026, 146.014, 211.831, 311.71), (2, 225), (1, 134.448, 30.5406, 21.5766, 0, 147.25, 4.67453, 17.6826, 58.5647, 146.461, 211.948, 311.71), -85.97641)
((0, 41.0204, 71.7139, 295.275, 0, 41.4881, 111.9, 0.68878, 72.2128, 33.5291, 235.915, 65.41), (2, 345), (1, 41.0459, 72.2568, 288.29, 0, 41.2201, 112.192, 0.404618, 72.4885, 33.4482, 236.567, 65.41), -98.786146)
((0, 32.9892, 136.377, 272.165, 0, 1.33466, 152.131, 0.213973, 71.8453, 34.8522, 337.549, 129.71), (2, 120), (1, 33.2949, 136.779, 276.544, 0, 1.00489, 152.478, 0.412917, 72.0338, 35.2211, 337.725, 129.71), -98.76124899999999)
((0, 70.9669, 49.4694, 328.924, 0, 77.9576, 75.3866, 1.19357, 72.8617, 67.983, 239.555, 202.94), (2, 270), (1, 71.2109, 49.9166, 335.918, 0, 77.9452, 75.4513, 0.587597, 73.4673, 69.6173, 240.072, 207.37), -98.23720900000001)
((0, 133.687, 31.1139, 64.5842, 0, 146.352, 5.68099, 16.4244, 59.7946, 123.513, 214.389, 181.8), (2, 150), (1, 134.345, 31.0625, 73.1153, 0, 147.018, 5.00992, 16.4748, 59.7652, 124.163, 214.316, 181.8), -84.97024)
((0, 132.88, 23.6343, 71.3974, 0, 146.335, 4.19827, 33.83, 42.3884, 141.318, 199.775, 25.95), (2, 345), (1, 133.287, 23.6247, 67.57, 0, 146.742, 3.78889, 33.8623, 42.369, 141.726, 199.777, 25.95), -88.63333)
((0, 71.3491, 49.6709, 230.396, 0, 78.1997, 75.1778, 0.807404, 73.2556, 83.5127, 232.598, 295.06), (2, 165), (1, 70.9544, 49.7364, 230.903, 0, 77.8075, 75.5623, 0.897967, 73.1526, 83.1227, 232.668, 295.06), -97.306099)
((0, 37.499, 78.8069, 265.062, 0, 35.5047, 117.918, 0.279726, 72.4326, 43.6615, 274.349, 210.88), (2, 345), (1, 37.3719, 79.4786, 264.324, 0, 35.0739, 118.362, 0.125293, 72.5734, 43.6562, 274.948, 210.88), -99.624121)
((0, 42.3521, 70.398, 333.027, 0, 43.1004, 110.313, 0.396153, 72.5564, 48.9455, 263.891, 223.26), (2, 240), (1, 42.6297, 70.7598, 334.615, 0, 43.1015, 110.345, 0.0100789, 72.9425, 49.2778, 264.121, 223.26), -99.9697633)
((0, 134.387, 33.3198, 8.47275, 0, 146.377, 6.10445, 11.2172, 65.0026, 128.317, 218.079, 205.52), (2, 270), (1, 134.778, 33.531, 3.79278, 0, 146.688, 5.83987, 10.6695, 65.5601, 128.748, 218.285, 205.52), -82.48039)
((0, 135.986, 37.5287, 292.945, 0, 146.113, 7.23422, 1.16317, 75.0482, 143.768, 221.55, 267.5), (2, 315), (1, 135.774, 37.6912, 294.506, 0, 145.821, 7.55473, 0.832817, 75.3693, 143.584, 221.709, 267.5), -97.501549)
((0, 66.3451, 51.4044, 299.291, 0, 72.7881, 80.566, 1.07905, 72.8127, 57.0471, 239.145, 166.35), (2, 225), (1, 66.2374, 51.8748, 296.54, 0, 72.4462, 80.9457, 0.640549, 73.2404, 57.0141, 239.702, 166.35), -98.07835299999999)
((0, 55.1685, 57.9477, 208.62, 0, 59.6579, 93.7406, 0.564142, 72.9122, 64.7655, 245.617, 257.63), (2, 180), (1, 54.5419, 57.9423, 211.611, 0, 59.1363, 94.2325, 0.908661, 72.5512, 64.8718, 244.753, 262.8), -97.274017)
((0, 29.9725, 115.69, 273.31, 0, 13.0013, 140.399, 0.547965, 71.4524, 39.3957, 309.452, 197.1), (2, 345), (1, 30.1545, 116.323, 274.114, 0, 12.6655, 140.75, 0.371479, 71.6183, 39.6509, 309.857, 197.1), -98.88556299999999)
((0, 44.8146, 65.8733, 287.428, 0, 47.2518, 106.089, 1.2292, 71.8547, 39.9679, 261.412, 172.43), (2, 195), (1, 44.7711, 66.6515, 287.309, 0, 46.8163, 106.562, 0.800055, 72.2701, 41.3142, 262.652, 177.81), -97.599835)
((0, 58.1059, 55.6139, 280.324, 0, 63.371, 89.9915, 0.982353, 72.6115, 62.1912, 246.964, 225.6), (2, 240), (1, 57.9535, 55.9994, 282.864, 0, 63.0392, 90.3455, 0.724704, 72.8586, 63.2359, 246.853, 231.87), -97.82588799999999)
((0, 55.2569, 57.686, 282.171, 0, 59.8695, 93.5148, 0.728376, 72.7547, 46.4685, 227.626, 80.16), (2, 225), (1, 55.0342, 58.2409, 276.679, 0, 59.3908, 94.0217, 0.40093, 73.067, 45.2117, 229.275, 85.6), -98.79721)
((0, 51.4355, 60.735, 298.921, 0, 55.1137, 98.2882, 0.523685, 72.8089, 41.3954, 231.332, 85.39), (2, 195), (1, 51.4141, 61.1292, 292.348, 0, 54.8877, 98.5378, 0.24942, 73.0761, 41.3168, 231.811, 85.39), -99.25174)
((0, 51.5402, 60.7436, 295.52, 0, 55.1939, 98.2138, 0.456297, 72.8789, 61.7987, 248.141, 258.5), (2, 120), (1, 51.478, 61.2026, 285.228, 0, 54.9, 98.5334, 0.15853, 73.1673, 61.79, 248.528, 258.5), -99.52441)
((0, 40.7806, 72.8054, 258.188, 0, 40.7517, 112.666, 0.33532, 72.543, 48.6287, 240.27, 343.79), (2, 75), (1, 40.5141, 73.5994, 267.285, 0, 40.1535, 113.28, 0.157909, 72.7015, 48.2454, 240.851, 343.79), -99.526273)
((0, 134.1, 34.3401, 42.5168, 0, 145.717, 6.96369, 8.8983, 67.3006, 126.138, 218.624, 195.66), (2, 60), (1, 134.774, 34.4166, 41.0811, 0, 146.352, 6.35386, 8.61224, 67.6067, 127.87, 218.973, 202.56), -80.93842000000001)
((0, 47.3822, 64.8544, 287.961, 0, 49.735, 103.695, 0.193735, 72.9687, 36.3675, 236.63, 90.41), (2, 0), (1, 47.3645, 65.5407, 297.202, 0, 49.3536, 104.113, 0.228689, 73.3791, 35.6725, 239.302, 96.4), -99.31393299999999)
((0, 69.8688, 50.5191, 15.8222, 0, 76.4146, 76.9906, 0.486554, 73.5199, 81.9119, 233.49, 294.49), (2, 255), (1, 70.2573, 50.6498, 15.0954, 0, 76.6947, 76.7373, 0.174969, 73.8404, 82.3081, 233.588, 294.49), -99.475093)
((0, 43.9401, 68.3285, 281.773, 0, 45.3251, 108.087, 0.402463, 72.6205, 35.2435, 261.587, 153.62), (2, 345), (1, 43.8988, 68.7976, 287.92, 0, 45.0465, 108.386, 0.170027, 72.8441, 36.3807, 263.233, 158.35), -99.489919)
((0, 78.5584, 47.4855, 231.559, 0, 85.9484, 67.451, 0.552647, 73.7554, 89.5178, 231.498, 270.7), (2, 240), (1, 77.9438, 47.5515, 230.142, 0, 85.3468, 68.0397, 0.704133, 73.5849, 89.5635, 230.949, 279.66), -97.887601)
((0, 52.0937, 59.597, 280.897, 0, 56.2457, 97.1164, 0.98625, 72.3822, 39.3634, 238.66, 119.66), (2, 300), (1, 51.8764, 60.2103, 278.721, 0, 55.7479, 97.6429, 0.653694, 72.699, 39.138, 239.468, 119.66), -98.038918)
((0, 84.823, 45.605, 21.9515, 0, 92.7598, 60.6223, 0.753369, 73.7702, 78.1266, 233.042, 187.7), (2, 150), (1, 85.5237, 45.7487, 32.7831, 0, 93.3383, 60.0824, 0.306766, 74.2351, 79.9547, 233.509, 195.08), -99.079702)
((0, 68.0259, 50.5754, 354.854, 0, 74.7255, 78.6166, 1.21843, 72.7346, 79.2541, 234.945, 281.25), (2, 315), (1, 68.5856, 51.1641, 340.548, 0, 74.9195, 78.4981, 0.342925, 73.6163, 80.2819, 234.605, 288.84), -98.971225)
((0, 56.7799, 56.8458, 303.949, 0, 61.5954, 91.7989, 0.611813, 72.9259, 65.1725, 228.031, 354.39), (2, 315), (1, 56.7833, 57.2565, 302.944, 0, 61.381, 92.0433, 0.264766, 73.2661, 64.2245, 227.605, 0.01), -99.205702)
((0, 133.689, 30.5081, 33.5954, 0, 146.502, 5.40971, 17.8306, 58.3931, 122.387, 212.889, 172.55), (2, 345), (1, 134.264, 30.6345, 30.72, 0, 147.044, 4.89722, 17.4812, 58.7596, 122.974, 213.016, 172.55), -85.30834)
((0, 49.6306, 62.0173, 296.01, 0, 52.9906, 100.398, 0.681202, 72.5843, 37.8568, 235.767, 98.45), (2, 150), (1, 49.6058, 62.6874, 290.772, 0, 52.617, 100.81, 0.234516, 73.0191, 37.77, 236.637, 98.45), -99.296452)
((0, 35.8753, 83.1506, 308.099, 0, 32.2914, 121.15, 0.0653102, 72.5453, 38.7848, 244.236, 1.93), (2, 345), (1, 36.0654, 83.7438, 299.124, 0, 32.0721, 121.4, 0.291803, 72.8955, 38.844, 244.847, 1.93), -99.12459100000001)
((0, 72.1175, 49.4713, 357.269, 0, 79.002, 74.3834, 0.715928, 73.3724, 81.4133, 223.204, 354.53), (2, 135), (1, 72.3966, 49.6598, 2.76637, 0, 79.1557, 74.2583, 0.383919, 73.7093, 81.6647, 223.391, 354.53), -98.848243)
((0, 123.878, 38.6758, 5.23979, 0, 133.732, 19.598, 1.36059, 74.4591, 117.821, 223.911, 201.93), (2, 240), (1, 124.298, 38.8766, 0.287642, 0, 134.034, 19.3407, 0.83854, 74.9907, 118.279, 224.102, 201.93), -97.48438)
((0, 132.822, 24.8084, 133.262, 0, 146.304, 4.46459, 31.1071, 45.1103, 142.665, 208.061, 295.55), (2, 15), (1, 133.109, 24.5581, 124.123, 0, 146.59, 4.12822, 31.6898, 44.5367, 143.646, 207.394, 300.62), -87.61534)
((0, 133.604, 24.1678, 130.507, 0, 147.078, 3.56117, 32.6042, 43.6378, 144.73, 206.589, 305.99), (2, 240), (1, 133.754, 24.0105, 136.968, 0, 147.224, 3.38348, 32.9735, 43.273, 144.865, 206.441, 305.99), -89.84956)
((0, 71.6575, 49.9229, 320.145, 0, 78.3462, 75.0671, 0.392713, 73.6749, 80.4161, 223.134, 357.89), (2, 195), (1, 71.7038, 50.2328, 313.527, 0, 78.2223, 75.2229, 0.0218022, 74.0419, 80.4161, 223.412, 357.89), -99.9345934)
((0, 134.166, 33.357, 14.527, 0, 146.145, 6.34039, 11.1627, 65.0497, 137.525, 208.268, 43.04), (2, 75), (1, 134.575, 33.4887, 23.1901, 0, 146.503, 6.01441, 10.7976, 65.4261, 137.904, 208.411, 43.04), -81.95677)
((0, 30.5294, 141.803, 311.945, 0, 0.393782, 153.561, 3.25456, 68.3221, 27.381, 297.405, 338.25), (2, 45), (1, 31.0752, 141.632, 322.527, 0, 0.558985, 153.771, 2.72546, 68.846, 27.9167, 297.694, 338.25), -191.615225)
((0, 43.25, 68.1711, 255.475, 0, 44.9067, 108.457, 0.962108, 72.0476, 35.8526, 262.786, 159.55), (2, 60), (1, 43.0161, 68.6364, 262.043, 0, 44.4957, 108.877, 0.867809, 72.1289, 35.7154, 263.424, 159.55), -97.396573)
((0, 108.056, 41.0008, 298.514, 0, 117.233, 36.1413, 0.845418, 74.4524, 113.962, 215.299, 23.94), (2, 330), (1, 107.921, 41.2078, 301.158, 0, 116.994, 36.4093, 0.507693, 74.7825, 113.789, 215.488, 23.94), -98.476921)
((0, 134.061, 32.4795, 27.9918, 0, 146.333, 5.97672, 13.2118, 63.0066, 132.416, 207.192, 69.27), (2, 255), (1, 134.417, 32.5659, 25.4267, 0, 146.657, 5.67316, 12.965, 63.2636, 132.752, 207.293, 69.27), -82.98052)
((0, 51.3034, 60.6397, 276.192, 0, 55.0569, 98.3325, 0.670009, 72.6608, 45.6193, 227.425, 65.2), (2, 345), (1, 51.0632, 61.1957, 270.375, 0, 54.57, 98.842, 0.408217, 72.9072, 44.1429, 228.685, 70.35), -98.775349)
((0, 37.0243, 78.6692, 288.03, 0, 35.2978, 118.088, 0.715322, 71.9904, 36.8891, 278.301, 179.3), (2, 345), (1, 37.0724, 79.5918, 283.784, 0, 34.8411, 118.578, 0.326276, 72.365, 37.1345, 279.146, 179.3), -99.021172)
((0, 64.9778, 51.9766, 273.6, 0, 71.2722, 82.0796, 1.10573, 72.7381, 52.7065, 229.464, 117.35), (2, 225), (1, 64.6836, 52.3814, 272.922, 0, 70.8001, 82.5753, 0.83209, 72.9968, 52.1837, 231.334, 122.39), -97.50372999999999)
((0, 126.9, 38.3794, 11.4539, 0, 136.821, 16.5149, 1.28789, 74.6296, 119.071, 222.975, 190.88), (2, 225), (1, 127.357, 38.5618, 4.14219, 0, 137.169, 16.2103, 0.788252, 75.1402, 119.559, 223.151, 190.88), -97.635244)
((0, 47.617, 64.008, 325.424, 0, 50.3636, 103.033, 0.587238, 72.5951, 50.4545, 229.649, 22.89), (2, 120), (1, 47.8417, 64.4133, 333.416, 0, 50.3227, 103.109, 0.183559, 72.9975, 50.5885, 230.083, 22.89), -99.44932299999999)
((0, 45.4512, 66.3077, 293.384, 0, 47.5041, 105.895, 0.553183, 72.5387, 55.1357, 255.298, 251.46), (2, 0), (1, 45.4675, 66.7939, 298.32, 0, 47.2593, 106.166, 0.253458, 72.8307, 55.8931, 254.533, 255.96), -99.239626)
((0, 38.5705, 76.0324, 292.265, 0, 37.6186, 115.781, 0.556328, 72.2228, 41.5354, 238.488, 8.33), (2, 345), (1, 38.646, 76.6509, 295.568, 0, 37.3391, 116.088, 0.236692, 72.5336, 41.4817, 239.067, 8.33), -99.289924)
((0, 134.368, 32.2261, 107.862, 0, 146.715, 5.54693, 13.7616, 62.4688, 145.518, 209.979, 351.78), (2, 225), (1, 134.732, 32.0037, 117.749, 0, 147.142, 5.07864, 14.2353, 62.0087, 144.786, 208.941, 4.14), -84.76408)
((0, 133.673, 25.2259, 155.027, 0, 147.151, 3.70099, 30.1366, 46.1076, 126.322, 200.69, 102.52), (2, 285), (1, 133.654, 25.0488, 161.028, 0, 147.134, 3.68258, 30.55, 45.6937, 125.379, 200.832, 110.79), -88.95226)
((0, 132.269, 37.758, 303.608, 0, 142.37, 10.9528, 1.44892, 74.644, 142.236, 214.548, 0.2), (2, 225), (1, 132.027, 38.0535, 301.507, 0, 141.979, 11.3957, 0.838214, 75.2424, 141.194, 214.42, 6.39), -97.48535799999999)
((0, 100.044, 42.1228, 332.442, 0, 108.975, 44.372, 1.16717, 73.8693, 109.816, 220.645, 307.21), (2, 0), (1, 100.17, 42.3901, 333.204, 0, 108.954, 44.4338, 0.683671, 74.3522, 109.93, 220.891, 307.21), -97.948987)
((0, 32.9877, 92.055, 310.046, 0, 26.2208, 127.213, 0.154931, 72.2637, 29.2295, 249.77, 27.39), (2, 90), (1, 33.2901, 92.599, 314.535, 0, 26.0456, 127.423, 0.245626, 72.6587, 28.1133, 251.027, 32.02), -99.26312200000001)
((0, 43.6313, 67.6783, 264.898, 0, 45.4404, 107.923, 0.976612, 72.05, 38.2556, 232.381, 54.31), (2, 345), (1, 43.3131, 68.3427, 254.642, 0, 44.8633, 108.513, 0.82436, 72.184, 37.8155, 232.987, 54.31), -97.52691999999999)
((0, 42.5633, 69.8817, 257.879, 0, 43.521, 109.882, 0.516777, 72.4491, 34.5439, 236.113, 65.41), (2, 285), (1, 42.2239, 70.6441, 259.616, 0, 42.8808, 110.535, 0.360073, 72.5856, 34.08, 236.893, 65.41), -98.919781)
((0, 66.4683, 51.1618, 318.372, 0, 73.024, 80.3131, 1.27691, 72.6223, 56.6533, 223.984, 90.57), (2, 225), (1, 66.5507, 51.6843, 313.742, 0, 72.8256, 80.5615, 0.696886, 73.1961, 55.8619, 225.533, 97.46), -97.90934200000001)
((0, 43.1158, 67.9912, 307.43, 0, 44.902, 108.446, 1.1528, 71.8568, 54.8184, 242.612, 314.45), (2, 45), (1, 43.2445, 68.5356, 311.655, 0, 44.713, 108.668, 0.765604, 72.238, 54.9077, 243.051, 314.45), -97.703188)
((0, 64.7288, 51.6716, 298.764, 0, 71.2074, 82.1082, 1.52607, 72.3157, 64.5375, 242.697, 210.57), (2, 300), (1, 64.6186, 52.2566, 298.439, 0, 70.8076, 82.5545, 0.987051, 72.8421, 65.8173, 243.162, 215.81), -97.038847)
((0, 35.0667, 83.5045, 340.1, 0, 31.6826, 121.71, 0.637828, 71.9536, 37.7644, 282.966, 188.25), (2, 195), (1, 35.3747, 83.8027, 331.11, 0, 31.6848, 121.738, 0.279362, 72.3121, 39.2413, 282.317, 195.51), -99.161914)
((0, 55.2281, 58.049, 215.429, 0, 59.6543, 93.754, 0.449787, 73.0265, 57.3296, 225.844, 27.45), (2, 285), (1, 54.5789, 58.1325, 221.808, 0, 59.0678, 94.3158, 0.73657, 72.7211, 55.4726, 225.465, 32.08), -97.79029)
((0, 31.9354, 133.503, 296.36, 0, 3.22613, 150.202, 0.223181, 71.468, 19.9483, 305.925, 33.54), (2, 345), (1, 32.5684, 133.902, 297.137, 0, 2.80851, 150.665, 0.304951, 71.9829, 20.5475, 306.784, 33.54), -99.085147)
((0, 60.9208, 54.6443, 19.1852, 0, 66.3089, 87.1, 0.443692, 73.2431, 62.0954, 246.156, 213.77), (2, 150), (1, 61.3033, 54.742, 20.9491, 0, 66.5885, 86.8445, 0.164023, 73.5316, 62.4909, 246.18, 213.77), -99.507931)
((0, 114.476, 40.1362, 331.899, 0, 123.868, 29.515, 0.746936, 74.7607, 123.786, 216.076, 2.8), (2, 180), (1, 114.535, 40.3464, 323.67, 0, 123.813, 29.6064, 0.326045, 75.1799, 123, 215.847, 9.4), -99.02186499999999)
((0, 45.645, 66.5709, 249.422, 0, 47.5098, 105.914, 0.268104, 72.824, 33.4478, 242.143, 101.73), (2, 240), (1, 45.3935, 66.9156, 250.417, 0, 47.1396, 106.288, 0.230815, 72.8496, 33.176, 242.579, 101.73), -99.30755500000001)
((0, 51.104, 60.013, 246.895, 0, 55.2203, 98.1198, 1.24248, 72.0935, 39.3283, 245.415, 134.97), (2, 165), (1, 50.5995, 60.4487, 246.299, 0, 54.585, 98.7572, 1.21695, 72.099, 38.8632, 246.05, 134.97), -96.34915000000001)
((0, 45.3906, 66.2589, 270.445, 0, 47.4844, 105.909, 0.622241, 72.469, 42.3922, 262.294, 180.42), (2, 105), (1, 45.2383, 66.7138, 267.153, 0, 47.1313, 106.277, 0.453277, 72.6268, 43.5857, 262.918, 186.76), -98.640169)
((0, 60.8503, 54.7676, 330.632, 0, 66.1824, 87.2332, 0.364739, 73.3181, 67.8641, 243.996, 247.5), (2, 0), (1, 61.1168, 55.3868, 326.416, 0, 66.08, 87.3963, 0.339324, 74.0189, 68.2323, 244.508, 247.5), -98.982028)
((0, 69.6047, 50.4463, 15.8781, 0, 76.215, 77.1735, 0.680041, 73.3201, 63.755, 240.097, 186.32), (2, 150), (1, 70.0647, 50.6822, 359.153, 0, 76.5041, 76.9238, 0.22239, 73.7869, 65.4043, 240.643, 193.62), -99.33283)
((0, 133.237, 20.6445, 93.723, 0, 146.373, 3.56207, 40.7816, 35.438, 145.576, 201.878, 324.19), (2, 225), (1, 133.855, 20.5554, 82.9008, 0, 146.974, 2.93906, 41.0368, 35.2018, 146.409, 201.327, 331.91), -91.18281999999999)
((0, 133.851, 37.4696, 352.295, 0, 144.061, 9.23472, 1.75888, 74.3876, 143.384, 214.076, 4.24), (2, 225), (1, 134.104, 37.7061, 342.411, 0, 144.185, 9.16204, 1.16396, 74.9864, 142.793, 213.938, 11.08), -96.50811999999999)
((0, 50.6864, 60.2365, 282.517, 0, 54.7648, 98.5686, 1.31983, 72.0018, 46.5466, 226.226, 55.6), (2, 255), (1, 50.5664, 60.6369, 279.215, 0, 54.4611, 98.8912, 1.10079, 72.2112, 46.3445, 226.613, 55.6), -96.69763)
((0, 69.8295, 50.5321, 311.646, 0, 76.3723, 77.0327, 0.489179, 73.516, 75.6056, 239.356, 244.91), (2, 135), (1, 69.8619, 51.2962, 310.191, 0, 75.991, 77.4873, 0.363168, 74.3563, 75.7799, 240.049, 244.91), -98.910496)
((0, 66.4199, 51.0944, 323.741, 0, 73.0152, 80.314, 1.36841, 72.5305, 68.7455, 220.731, 33.2), (2, 150), (1, 66.4991, 51.5075, 312.511, 0, 72.8721, 80.4972, 0.90354, 72.9909, 68.7371, 221.135, 33.2), -97.28938)
((0, 131.282, 38.0489, 333.907, 0, 141.256, 12.1035, 1.01606, 75.0417, 122.685, 222.139, 186.28), (2, 225), (1, 131.358, 38.2847, 325.712, 0, 141.205, 12.2017, 0.472412, 75.5837, 123.765, 222.74, 192.87), -98.582764)
((0, 73.652, 49.3217, 353.345, 0, 80.4764, 72.9486, 0.25709, 73.8779, 62.4497, 234.068, 159.17), (2, 165), (1, 74.1526, 49.6507, 6.97782, 0, 80.7537, 72.7223, 0.336379, 74.4801, 62.9838, 234.416, 159.17), -98.99086299999999)
((0, 133.916, 31.7687, 53.2807, 0, 146.401, 5.76449, 14.8793, 61.3412, 137.218, 216.878, 253.6), (2, 225), (1, 134.274, 31.7715, 61.0696, 0, 146.756, 5.41367, 14.8308, 61.401, 137.575, 216.867, 253.6), -83.75899)
((0, 60.589, 54.5446, 260.338, 0, 66.0737, 87.3132, 0.699246, 72.9801, 50.7369, 242.426, 160.35), (2, 135), (1, 60.223, 54.9362, 267.583, 0, 65.5503, 87.8518, 0.521811, 73.141, 50.4314, 242.946, 160.35), -98.434567)
((0, 55.0609, 57.8458, 208.805, 0, 59.6214, 93.765, 0.704851, 72.7704, 53.5178, 251.012, 200.69), (2, 315), (1, 54.4252, 57.8287, 215.032, 0, 59.0975, 94.258, 1.06266, 72.396, 52.8953, 251.151, 200.69), -96.81202)
((0, 42.8596, 68.4229, 293.735, 0, 44.4933, 108.86, 1.09163, 71.905, 55.2544, 246.048, 302.18), (2, 180), (1, 42.908, 69.2512, 292.517, 0, 44.097, 109.298, 0.610485, 72.3736, 55.0255, 245.36, 307.32), -98.168545)
((0, 131.207, 38.0669, 339.69, 0, 141.173, 12.1882, 0.992613, 75.0625, 128.78, 223.478, 216.09), (2, 60), (1, 131.34, 38.2226, 345.257, 0, 141.221, 12.1734, 0.615048, 75.4416, 130.208, 223.702, 221.64), -98.154856)
((0, 56.4132, 56.4956, 326.759, 0, 61.4669, 91.8856, 1.09866, 72.435, 63.8318, 246.169, 246.6), (2, 45), (1, 56.6974, 57.0725, 332.672, 0, 61.406, 92.001, 0.464803, 73.0669, 64.2071, 246.629, 246.6), -98.605591)
((0, 75.3368, 47.8992, 296.966, 0, 82.7647, 70.5722, 1.2794, 72.928, 87.7421, 229.117, 302.38), (2, 105), (1, 75.2419, 48.205, 302.196, 0, 82.5187, 70.8468, 0.946566, 73.253, 87.7877, 228.555, 307.73), -97.160302)
((0, 61.1245, 54.7015, 357.203, 0, 66.4552, 86.9669, 0.290056, 73.4014, 57.6556, 246.359, 193.98), (2, 135), (1, 61.5472, 54.9543, 7.88276, 0, 66.6855, 86.7749, 0.154704, 73.8534, 58.1241, 246.537, 193.98), -99.535888)
((0, 65.0092, 51.7761, 280.111, 0, 71.4038, 81.9318, 1.29451, 72.5535, 61.569, 220.862, 59.14), (2, 225), (1, 64.7113, 52.2251, 275.369, 0, 70.9063, 82.4567, 0.97635, 72.8559, 59.9847, 221.567, 65.51), -97.07095)
((0, 45.2089, 66.1324, 244.108, 0, 47.4144, 105.962, 0.817073, 72.272, 47.9042, 261.219, 208.54), (2, 255), (1, 44.7168, 66.6168, 241.503, 0, 46.7939, 106.579, 0.856425, 72.213, 48.485, 261.356, 212.66), -97.430725)
((0, 41.764, 70.1657, 255.354, 0, 42.8099, 110.557, 0.933664, 72.0097, 50.4746, 261.626, 237.27), (2, 345), (1, 41.5562, 70.6286, 260.469, 0, 42.424, 110.95, 0.84484, 72.0863, 50.3377, 262.048, 237.27), -97.46548)
((0, 130.353, 37.8078, 317.015, 0, 140.477, 12.819, 1.75942, 74.2737, 141.003, 220.62, 290.81), (2, 120), (1, 130.318, 38.0353, 324.396, 0, 140.325, 13.0134, 1.26271, 74.7656, 141.573, 220.357, 295.18), -96.21187)
((0, 62.8702, 52.8038, 317.201, 0, 68.9768, 84.3623, 1.25337, 72.5178, 74.9858, 235.652, 294.39), (2, 345), (1, 62.9884, 53.351, 318.898, 0, 68.7961, 84.5935, 0.667285, 73.0982, 75.1333, 236.106, 294.39), -97.998145)
((0, 52.6517, 59.1426, 312.39, 0, 56.9409, 96.4187, 1.01488, 72.3756, 42.8181, 229.996, 83.48), (2, 165), (1, 52.7169, 59.5646, 306.25, 0, 56.7744, 96.6161, 0.65758, 72.7276, 42.8211, 230.522, 83.48), -98.02726)
((0, 51.0231, 60.5394, 349.689, 0, 54.882, 98.4871, 0.905796, 72.4195, 63.4052, 240.082, 301.42), (2, 135), (1, 51.565, 61.0165, 351.019, 0, 55.0693, 98.3568, 0.242641, 73.0886, 63.9433, 240.47, 301.42), -99.272077)
((0, 78.603, 47.2329, 325.053, 0, 86.1226, 67.2507, 0.856204, 73.4574, 80.3034, 236.268, 224.07), (2, 165), (1, 78.661, 47.5234, 316.762, 0, 86.0229, 67.384, 0.465407, 73.845, 81.6346, 236.338, 230.21), -98.603779)
