((0, 90.4833, 358.206, 166.39, 0, 94.4087, 52.8899, 71.3955, 3.18021, 87.3777, 170.419, 110.47), (2, 30), (1, 90.6066, 357.941, 162.594, 0, 94.3306, 52.931, 71.8246, 2.74868, 87.5565, 170.158, 110.47), -91.75396)
((0, 131.439, 38.043, 22.8124, 0, 141.412, 11.9494, 0.993736, 75.0689, 119.409, 219.541, 158.31), (2, 90), (1, 131.805, 38.1322, 23.4661, 0, 141.721, 11.6647, 0.711797, 75.3607, 120.152, 220.115, 161.84), -97.864609)
((0, 112.929, 3.61728, 113.863, 0, 118.798, 28.4655, 71.8068, 3.54045, 100.512, 183.111, 171.24), (2, 0), (1, 113.282, 3.531, 110.055, 0, 119.065, 28.1729, 72.0947, 3.26101, 100.867, 183.016, 171.24), -90.21697)
((0, 33.3959, 270.269, 280.066, 0, 0.372381, 148.58, 60.8373, 10.74, 32.8595, 68.1812, 194.07), (2, 240), (1, 33.3338, 269.583, 277.736, 0, 0.709139, 148.936, 60.6112, 10.9555, 32.9523, 67.4953, 194.07), -189.362915)
((0, 116.802, 39.456, 10.2087, 0, 126.47, 26.8497, 1.48305, 74.1069, 128, 221.758, 294.62), (2, 30), (1, 118.658, 40.7605, 344.461, 0, 127.551, 26.0323, 1.58727, 77.2115, 130.985, 221.324, 310.09), -95.23819)
((0, 136.119, 36.2309, 41.109, 0, 146.889, 6.20063, 4.15212, 72.0838, 133.847, 211.033, 68.15), (2, 330), (1, 136.662, 36.2742, 41.5257, 0, 147.401, 5.70633, 3.94567, 72.3065, 134.378, 211.098, 68.15), -88.16299000000001)
((0, 107.77, 2.76576, 127.942, 0, 113.397, 33.9007, 71.4069, 3.76949, 118.915, 185.714, 329.34), (2, 180), (1, 108.079, 2.62721, 128.711, 0, 113.585, 33.6814, 71.7659, 3.41646, 119.21, 185.581, 329.34), -89.75062)
((0, 51.2138, 60.3857, 249.379, 0, 55.1169, 98.2521, 0.907156, 72.4256, 61.8082, 232.895, 344.24), (2, 270), (1, 50.6916, 60.8385, 246.472, 0, 54.4577, 98.9133, 0.88311, 72.4288, 61.2375, 233.202, 344.24), -97.35067000000001)
((0, 38.7248, 75.8755, 284.279, 0, 37.7977, 115.606, 0.503312, 72.2815, 28.195, 244.338, 75.66), (2, 330), (1, 38.6652, 77.028, 278.508, 0, 37.1502, 116.291, 0.0642004, 72.7002, 27.2585, 248.027, 80.94), -99.8073988)
((0, 37.3684, 78.9606, 350.8, 0, 35.3468, 118.072, 0.325917, 72.3814, 48.7692, 252.056, 308.36), (2, 210), (1, 37.7183, 79.1743, 346.474, 0, 35.4373, 118.013, 0.0394791, 72.7496, 48.6123, 250.903, 313.72), -99.8815627)
((0, 133.344, 21.6479, 63.2294, 0, 146.627, 3.50787, 38.46, 37.7677, 129.856, 196.422, 85.35), (2, 30), (1, 133.987, 21.6609, 65.3094, 0, 147.271, 2.86365, 38.468, 37.78, 130.494, 196.461, 85.35), -91.40905000000001)
((0, 69.0673, 348.346, 188.412, 0, 69.0516, 78.2112, 71.8114, 1.96215, 73.0494, 158.644, 86.8), (2, 120), (1, 69.1305, 347.824, 183.103, 0, 68.7261, 78.4901, 72.3523, 1.41094, 73.2175, 158.166, 86.8), -95.76718)
((0, 134.279, 32.3155, 118.372, 0, 146.6, 5.67921, 13.5649, 62.6619, 128.922, 217.243, 211.32), (2, 60), (1, 134.609, 32.0831, 116.105, 0, 146.998, 5.23827, 14.065, 62.1744, 129.204, 216.989, 211.32), -84.28519)
((0, 99.4876, 0.90827, 189.148, 0, 104.461, 42.8517, 71.2286, 3.66519, 100.994, 188.064, 270.57), (2, 180), (1, 99.4114, 0.569309, 186.781, 0, 104.152, 43.1174, 71.7333, 3.15066, 100.845, 187.738, 270.57), -90.54802000000001)
((0, 65.5629, 52.3527, 199.899, 0, 71.5946, 81.8131, 0.457798, 73.3962, 75.893, 238.072, 270.17), (2, 0), (1, 64.9115, 52.1901, 207.89, 0, 71.1022, 82.2656, 0.920267, 72.9182, 75.2263, 237.982, 270.17), -97.239199)
((0, 55.0095, 57.7187, 276.642, 0, 59.6448, 93.7303, 0.835353, 72.6406, 64.7135, 230.171, 344.89), (2, 150), (1, 54.8058, 58.15, 272.664, 0, 59.2482, 94.1473, 0.598774, 72.8647, 63.686, 229.606, 350.05), -98.203678)
((0, 35.4044, 83.4472, 316.847, 0, 31.8881, 121.527, 0.368627, 72.2293, 45.9912, 273.34, 239.04), (2, 210), (1, 35.6753, 84.015, 310.869, 0, 31.7261, 121.725, 0.0459677, 72.6387, 46.8199, 272.338, 245.86), -99.8620969)
((0, 107.83, 41.1021, 68.6025, 0, 116.962, 36.4223, 0.724283, 74.5649, 94.35, 221.095, 125.37), (2, 120), (1, 108.413, 40.9862, 71.3587, 0, 117.584, 35.7968, 0.774013, 74.5349, 94.7575, 221.684, 134.85), -97.67796100000001)
((0, 110.605, 40.5127, 74.4615, 0, 119.941, 33.4159, 1.05238, 74.3311, 97.2338, 222.517, 156.03), (2, 330), (1, 111.156, 40.3921, 68.4577, 0, 120.534, 32.8161, 1.13144, 74.2707, 98.2704, 222.992, 167.99), -96.60568)
((0, 134.499, 32.3369, 46.4193, 0, 146.811, 5.47423, 13.4872, 62.7463, 147.093, 211.787, 338.82), (2, 180), (1, 134.87, 32.3609, 52.5818, 0, 147.171, 5.12307, 13.3843, 62.8606, 147.463, 211.81, 338.82), -84.63078999999999)
((0, 51.4775, 332.765, 187.971, 0, 45.1662, 102.145, 71.2479, 1.77004, 44.8716, 165.391, 258.07), (2, 30), (1, 51.731, 332.068, 183.993, 0, 44.8232, 102.438, 71.8307, 1.17636, 44.9824, 164.538, 258.07), -96.47092)
((0, 31.7797, 128.977, 288.78, 0, 5.68316, 147.792, 0.328507, 72.0974, 19.2662, 311.157, 53.72), (2, 270), (1, 32.1295, 129.379, 287.477, 0, 5.3787, 148.121, 0.612902, 72.3722, 19.8553, 315.224, 61.42), -98.161294)
((0, 133.709, 30.8468, 66.9798, 0, 146.441, 5.53879, 17.0421, 59.1796, 126.28, 206.375, 96.31), (2, 30), (1, 134.144, 30.8262, 64.3662, 0, 146.878, 5.10102, 17.0461, 59.1895, 126.717, 206.368, 96.31), -84.69694)
((0, 133.54, 30.6146, 47.529, 0, 146.328, 5.60315, 17.5977, 58.6205, 136.736, 205.509, 44.84), (2, 30), (1, 134.169, 30.6682, 48.6215, 0, 146.941, 5.00611, 17.4118, 58.8258, 136.177, 205.439, 51.23), -84.98167000000001)
((0, 124.771, 38.4929, 37.2997, 0, 134.693, 18.6211, 1.53787, 74.3123, 119.993, 213.095, 76.48), (2, 330), (1, 125.309, 38.5537, 37.2611, 0, 135.185, 18.1518, 1.28357, 74.5821, 119.34, 213.414, 81.53), -96.14929000000001)
((0, 126.275, 38.6882, 35.6637, 0, 136.052, 17.3291, 0.770067, 75.123, 119.156, 213.879, 86.75), (2, 300), (1, 126.674, 38.7428, 32.0774, 0, 136.41, 16.9887, 0.558574, 75.3459, 119.544, 213.953, 86.75), -98.32427799999999)
((0, 132.886, 23.4279, 72.8201, 0, 146.331, 4.16162, 34.3086, 41.9096, 120.523, 204.408, 168.32), (2, 90), (1, 133.315, 23.4211, 67.186, 0, 146.759, 3.73079, 34.3367, 41.8952, 120.952, 204.397, 168.32), -88.80763)
((0, 134.307, 32.259, 87.5876, 0, 146.644, 5.62362, 13.6927, 62.5355, 146.852, 211.512, 342.26), (2, 90), (1, 134.684, 32.173, 85.2742, 0, 147.044, 5.21028, 13.846, 62.3949, 147.232, 211.435, 342.26), -84.36916)
((0, 132.989, 30.5244, 45.1897, 0, 145.802, 6.10745, 17.8594, 58.3421, 123.492, 206.84, 113.7), (2, 180), (1, 133.668, 30.583, 53.6777, 0, 146.463, 5.4631, 17.6587, 58.5638, 123.375, 207.411, 117.95), -83.61070000000001)
((0, 109.949, 40.6826, 36.3869, 0, 119.22, 34.1487, 0.913246, 74.4474, 119.047, 224.151, 270.08), (2, 240), (1, 110.56, 40.7483, 33.7712, 0, 119.772, 33.6207, 0.626618, 74.7515, 119.665, 224.194, 270.08), -98.120146)
((0, 134.232, 31.3565, 50.024, 0, 146.829, 5.25697, 15.8017, 60.4324, 123.441, 208.515, 118.71), (2, 180), (1, 134.874, 31.3718, 61.1714, 0, 147.463, 4.63226, 15.6957, 60.5584, 123.453, 209.055, 123.84), -86.10322)
((0, 133.147, 23.6959, 62.2088, 0, 146.605, 3.94082, 33.6935, 42.5335, 125.58, 199.219, 107.63), (2, 90), (1, 133.547, 23.705, 64.3028, 0, 147.005, 3.54136, 33.6818, 42.5579, 125.978, 199.243, 107.63), -89.37592000000001)
((0, 133.321, 24.2611, 36.3482, 0, 146.797, 3.8609, 32.3827, 43.8504, 134.154, 198.88, 66.98), (2, 270), (1, 133.869, 24.405, 29.5408, 0, 147.347, 3.33914, 32.0542, 44.1962, 133.365, 199.029, 71.35), -89.98258)
((0, 30.8353, 105.174, 310.582, 0, 18.6227, 134.812, 0.141418, 72.0368, 43.1265, 281.166, 268.05), (2, 330), (1, 31.1519, 105.617, 306.78, 0, 18.4379, 135.027, 0.210955, 72.3833, 43.4254, 281.512, 268.05), -99.36713499999999)
((0, 134.054, 34.4255, 66.3695, 0, 145.638, 7.05895, 8.70858, 67.4878, 140.045, 209.817, 29.23), (2, 30), (1, 134.67, 34.3766, 64.7994, 0, 146.265, 6.4309, 8.72165, 67.4946, 139.552, 209.542, 34.29), -80.7073)
((0, 58.7914, 55.7015, 296.985, 0, 63.9134, 89.4857, 0.55661, 73.0544, 47.0018, 240.774, 143.9), (2, 90), (1, 58.7767, 56.0743, 306.798, 0, 63.7032, 89.7236, 0.235657, 73.3687, 47.0213, 241.239, 143.9), -99.29302899999999)
((0, 136.889, 37.2467, 28.3991, 0, 147.141, 6.16612, 1.62627, 74.6176, 143.059, 212.86, 25.06), (2, 180), (1, 137.484, 37.3434, 37.4124, 0, 147.671, 5.66624, 1.27395, 74.9867, 143.634, 212.971, 25.06), -96.17815)
((0, 115.186, 39.7993, 2.72259, 0, 124.73, 28.6125, 1.21682, 74.3181, 123.515, 215.96, 13.02), (2, 210), (1, 115.523, 40.0165, 351.241, 0, 124.941, 28.4448, 0.707719, 74.8339, 123.822, 216.173, 13.02), -97.87684300000001)
((0, 135.049, 34.0925, 49.5144, 0, 146.749, 5.89533, 9.3214, 66.9101, 139.782, 209.485, 32.93), (2, 300), (1, 135.63, 34.1351, 41.588, 0, 147.306, 5.35475, 9.13057, 67.1186, 140.353, 209.545, 32.93), -83.93575)
((0, 66.1413, 51.8099, 339.462, 0, 72.3947, 80.9877, 0.750761, 73.1286, 72.1208, 240.929, 244.48), (2, 90), (1, 66.4507, 52.1647, 349.975, 0, 72.4821, 80.9439, 0.244646, 73.6374, 73.4833, 240.602, 249.8), -99.266062)
((0, 124.216, 38.7798, 347.182, 0, 134.005, 19.3506, 1.06218, 74.7662, 115.624, 214.356, 96.11), (2, 30), (1, 124.494, 39.0325, 350.439, 0, 134.141, 19.2662, 0.463069, 75.3696, 114.973, 215.065, 102.85), -98.610793)
((0, 127.09, 38.4051, 19.4403, 0, 136.992, 16.3528, 1.18879, 74.7341, 119.019, 213.852, 91.6), (2, 180), (1, 127.617, 38.5373, 27.6942, 0, 137.435, 15.945, 0.780512, 75.1564, 119.522, 214.013, 91.6), -97.65846400000001)
((0, 121.929, 39.0107, 40.8131, 0, 131.666, 21.6836, 1.12732, 74.6271, 122.497, 223.216, 218.99), (2, 30), (1, 122.551, 39.0425, 45.9418, 0, 132.252, 21.1165, 0.911593, 74.8613, 124.44, 223.288, 223.85), -97.265221)
((0, 135.665, 37.5852, 18.4942, 0, 145.77, 7.58196, 1.10176, 75.0988, 131.106, 212.627, 71.93), (2, 30), (1, 136.023, 37.6868, 18.3002, 0, 146.065, 7.31383, 0.788638, 75.4213, 131.442, 212.745, 71.93), -97.634086)
((0, 121.902, 38.9973, 39.9279, 0, 131.647, 21.6997, 1.1615, 74.5923, 131.386, 224.489, 235.17), (2, 30), (1, 122.547, 39.0416, 44.195, 0, 132.249, 21.1189, 0.914241, 74.8586, 133.193, 224.352, 249.25), -97.257277)
((0, 133.379, 30.5399, 59.6429, 0, 146.186, 5.72958, 17.7862, 58.4275, 144.771, 208.368, 353.17), (2, 300), (1, 134.015, 30.5376, 56.3325, 0, 146.819, 5.10089, 17.731, 58.5027, 144.896, 207.923, 358.79), -84.69733)
((0, 134.516, 34.7881, 101.13, 0, 145.948, 6.82749, 7.79396, 68.4122, 147.082, 214.009, 340.52), (2, 210), (1, 134.944, 34.5948, 106.219, 0, 146.448, 6.29518, 8.17035, 68.0516, 147.158, 213.344, 344.34), -81.11446000000001)
((0, 134.855, 35.3799, 50.0167, 0, 146.034, 6.86541, 6.36492, 69.844, 147.775, 215.489, 322.85), (2, 150), (1, 135.225, 35.3859, 55.1969, 0, 146.394, 6.51135, 6.28463, 69.9357, 148.109, 215.026, 330.73), -81.14611)
((0, 64.2001, 52.5733, 271.713, 0, 70.2717, 83.101, 0.863184, 72.949, 76.6089, 227.59, 349.14), (2, 330), (1, 63.8831, 53.0132, 277.593, 0, 69.7609, 83.6366, 0.575388, 73.2206, 76.25, 227.936, 349.14), -98.273836)
((0, 115.629, 39.5972, 29.3177, 0, 125.263, 28.0551, 1.49871, 74.0531, 118.015, 225.65, 239.37), (2, 60), (1, 116.178, 39.6954, 31.5945, 0, 125.742, 27.6043, 1.1683, 74.3987, 119.716, 225.531, 247.7), -96.49510000000001)
((0, 34.7303, 85.8572, 329.79, 0, 30.2742, 123.155, 0.203246, 72.3436, 45.2298, 276.03, 235), (2, 90), (1, 35.2445, 86.3308, 339.252, 0, 30.2672, 123.213, 0.38665, 72.9333, 46.3022, 274.912, 242.8), -98.84004999999999)
((0, 135.066, 34.8407, 47.9102, 0, 146.469, 6.3258, 7.57884, 68.6438, 128.001, 210.239, 91.35), (2, 30), (1, 135.491, 34.8647, 47.1652, 0, 146.878, 5.92793, 7.45048, 68.7851, 128.421, 210.28, 91.35), -82.21621)
((0, 126.231, 38.5126, 27.9187, 0, 136.101, 17.2462, 1.15661, 74.7381, 136.908, 221.441, 279.98), (2, 90), (1, 126.81, 38.6184, 32.0222, 0, 136.608, 16.7704, 0.793961, 75.1168, 137.499, 221.526, 279.98), -97.618117)
((0, 92.9195, 43.516, 65.6277, 0, 101.474, 51.8779, 1.10568, 73.6936, 83.246, 220.433, 63.25), (2, 30), (1, 93.5534, 43.3893, 63.6631, 0, 102.141, 51.2117, 1.10126, 73.7191, 83.8901, 220.316, 63.25), -96.69622)
((0, 96.7417, 42.8495, 55.5457, 0, 105.449, 47.915, 0.965318, 73.9597, 84.2101, 220.905, 91.01), (2, 330), (1, 97.144, 42.8266, 49.8177, 0, 105.843, 47.5279, 0.879419, 74.058, 83.9852, 221.36, 101.13), -97.36174299999999)
((0, 98.7795, 42.6874, 69.0626, 0, 107.473, 45.9221, 0.609019, 74.38, 84.9848, 221.906, 111.04), (2, 30), (1, 99.1472, 42.5923, 71.7213, 0, 107.873, 45.5177, 0.654614, 74.3471, 84.9102, 222.551, 121.24), -98.036158)
((0, 101.146, 42.2089, 69.7738, 0, 109.981, 43.4062, 0.698649, 74.3697, 86.673, 223.693, 141.91), (2, 30), (1, 101.716, 42.064, 71.2695, 0, 110.602, 42.7783, 0.776324, 74.3117, 87.2368, 223.515, 141.91), -97.671028)
((0, 129.031, 38.1933, 36.5191, 0, 138.99, 14.3531, 1.20512, 74.781, 142.294, 217.54, 331.23), (2, 150), (1, 129.437, 38.2324, 42.5525, 0, 139.365, 13.9939, 1.02677, 74.9711, 142.699, 217.577, 331.23), -96.91969)
((0, 134.952, 34.7528, 59.163, 0, 146.392, 6.38281, 7.80216, 68.4181, 146.244, 212.487, 353.79), (2, 30), (1, 135.527, 34.7446, 55.258, 0, 146.963, 5.81922, 7.72449, 68.5138, 146.209, 212.051, 359.03), -82.54234)
((0, 134.064, 30.3825, 53.6572, 0, 146.904, 4.98552, 18.0876, 58.1488, 126.955, 205.891, 96.25), (2, 30), (1, 134.511, 30.4041, 52.6373, 0, 147.344, 4.55348, 17.9956, 58.2547, 126.398, 206.25, 103.08), -86.33956)
((0, 114.755, 40.0358, 32.2078, 0, 124.19, 29.1826, 0.868653, 74.6492, 123.908, 224.312, 271.05), (2, 30), (1, 115.318, 40.1368, 29.2743, 0, 124.679, 28.7223, 0.526812, 75.0065, 125.29, 223.963, 278.07), -98.41956400000001)
((0, 135.889, 36.4643, 28.1751, 0, 146.552, 6.58046, 3.65401, 72.5713, 133.114, 211.238, 70.48), (2, 240), (1, 136.419, 36.5632, 25.4061, 0, 147.023, 6.13782, 3.31836, 72.9218, 132.129, 211.555, 74.56), -90.04491999999999)
((0, 129.279, 38.1431, 48.8308, 0, 139.258, 14.0806, 1.25882, 74.7357, 140.981, 216.297, 342.2), (2, 240), (1, 129.699, 38.1664, 40.1523, 0, 139.654, 13.6974, 1.11261, 74.8945, 141.398, 216.324, 342.2), -96.66217)
((0, 100.857, 42.2979, 75.0194, 0, 109.658, 43.7345, 0.634119, 74.424, 105.213, 221.369, 167.47), (2, 30), (1, 101.419, 42.1454, 71.3288, 0, 110.275, 43.1099, 0.72548, 74.3522, 105.779, 221.227, 167.47), -97.82356)
((0, 103.807, 41.585, 73.3751, 0, 112.852, 40.5091, 0.996026, 74.1632, 109.652, 222.592, 153.85), (2, 30), (1, 104.393, 41.4371, 71.5214, 0, 113.491, 39.8624, 1.08776, 74.0916, 110.233, 222.447, 153.85), -96.73671999999999)
((0, 122.03, 39.0853, 44.817, 0, 131.725, 21.6405, 0.948893, 74.8073, 137.219, 221.607, 310.47), (2, 30), (1, 122.67, 39.1183, 44.2275, 0, 132.328, 21.0571, 0.725303, 75.05, 137.862, 221.625, 310.47), -97.82409100000001)
((0, 104.002, 41.5544, 6.97373, 0, 113.055, 40.3063, 0.993726, 74.1719, 116.915, 219.889, 339.68), (2, 0), (1, 104.312, 41.7033, 7.55103, 0, 113.274, 40.1178, 0.645875, 74.5266, 116.733, 219.503, 350.36), -98.062375)
((0, 103.945, 41.5399, 73.1319, 0, 113.008, 40.35, 1.03515, 74.129, 108.137, 228.118, 253.44), (2, 150), (1, 104.317, 41.4466, 74.5513, 0, 113.414, 39.9393, 1.09245, 74.0845, 109.521, 227.626, 259.26), -96.72265)
((0, 106.27, 41.1174, 63.2991, 0, 115.458, 37.8924, 1.12804, 74.1136, 113.489, 226.34, 266.38), (2, 30), (1, 106.856, 41.0056, 70.6143, 0, 116.078, 37.2684, 1.16634, 74.0949, 114.053, 226.209, 266.38), -96.50098)
((0, 108.828, 40.7, 60.0764, 0, 118.133, 35.2122, 1.18312, 74.1431, 117.736, 224.928, 275.66), (2, 180), (1, 109.24, 40.6573, 62.9741, 0, 118.551, 34.797, 1.15051, 74.189, 118.889, 224.394, 281.33), -96.54847000000001)
((0, 115.507, 39.6567, 52.9602, 0, 125.114, 28.2116, 1.41344, 74.1336, 127.782, 220.139, 310.8), (2, 180), (1, 116.157, 39.6293, 59.9911, 0, 125.757, 27.578, 1.3031, 74.2643, 128.551, 219.563, 317.7), -96.0907)
((0, 117.658, 39.4928, 59.4524, 0, 127.279, 26.0646, 1.19703, 74.4186, 130.041, 218.904, 324.91), (2, 210), (1, 118.286, 39.4389, 64.9018, 0, 127.915, 25.4333, 1.14835, 74.4874, 130.556, 218.438, 331.7), -96.55494999999999)
((0, 120.216, 39.2016, 59.1895, 0, 129.907, 23.4408, 1.15151, 74.5472, 131.841, 217.168, 341.87), (2, 150), (1, 120.606, 39.1736, 61.2253, 0, 130.299, 23.0517, 1.11343, 74.5977, 132.233, 217.149, 341.87), -96.65971)
((0, 122.149, 39.0059, 61.6773, 0, 131.882, 21.4717, 1.08418, 74.677, 133.317, 216.506, 347.13), (2, 240), (1, 122.539, 38.9711, 64.7854, 0, 132.279, 21.0771, 1.06243, 74.7113, 133.148, 215.992, 352.54), -96.81271000000001)
((0, 124.449, 38.7804, 56.2565, 0, 134.231, 19.1294, 1.00567, 74.8298, 133.699, 214.974, 4.43), (2, 0), (1, 125.059, 38.7611, 53.5293, 0, 134.833, 18.536, 0.901819, 74.9527, 133.481, 214.59, 11.63), -97.294543)
((0, 126.088, 38.7617, 50.0695, 0, 135.831, 17.5592, 0.656752, 75.2294, 133.592, 214.294, 20.17), (2, 30), (1, 126.517, 38.7671, 49.2594, 0, 136.245, 17.1555, 0.543701, 75.3555, 134.019, 214.314, 20.17), -98.368897)
((0, 133.998, 37.6854, 76.2455, 0, 144.093, 9.24814, 1.23456, 74.9129, 130.929, 212.468, 71.28), (2, 120), (1, 134.359, 37.6254, 73.4486, 0, 144.475, 8.8607, 1.29311, 74.8665, 131.3, 212.421, 71.28), -96.12066999999999)
((0, 136.458, 37.3612, 65.8706, 0, 146.66, 6.66203, 1.45087, 74.7778, 130.977, 212.585, 80.54), (2, 30), (1, 137.105, 37.2912, 67.2781, 0, 147.328, 5.99202, 1.47693, 74.7729, 130.488, 212.774, 85.71), -95.56921)
((0, 65.2904, 51.7669, 273.669, 0, 71.6591, 81.6866, 1.17745, 72.6786, 56.8755, 240.94, 198.22), (2, 270), (1, 64.9229, 52.2562, 274.16, 0, 71.0779, 82.2961, 0.84838, 72.9893, 56.602, 241.554, 198.22), -97.45486)
((0, 105.655, 41.4297, 30.9671, 0, 114.704, 38.6788, 0.745085, 74.4727, 112.159, 223.203, 148.16), (2, 240), (1, 106.238, 41.5174, 29.2715, 0, 115.216, 38.1943, 0.424609, 74.8094, 112.747, 223.276, 148.16), -98.726173)
((0, 124.806, 38.5771, 32.8097, 0, 134.684, 18.6469, 1.35144, 74.4984, 140.174, 219.879, 322.57), (2, 180), (1, 125.181, 38.6243, 39.6315, 0, 135.023, 18.3237, 1.16341, 74.6972, 140.434, 219.374, 328.04), -96.50977)
((0, 126.174, 38.6886, 42.9042, 0, 135.953, 17.4255, 0.793027, 75.097, 141.2, 218.895, 333.13), (2, 180), (1, 126.769, 38.7217, 48.3948, 0, 136.513, 16.8835, 0.581596, 75.3261, 141.796, 218.924, 333.13), -98.255212)
((0, 112.969, 40.2049, 51.4595, 0, 122.379, 30.9815, 1.00805, 74.4525, 106.436, 225.07, 201.15), (2, 120), (1, 113.398, 40.1976, 53.2043, 0, 122.796, 30.5729, 0.910016, 74.5637, 108.115, 225.309, 204.75), -97.269952)
((0, 114.421, 40.1457, 54.5781, 0, 123.809, 29.5738, 0.74308, 74.7627, 110.343, 225.417, 208.2), (2, 0), (1, 115.007, 40.1296, 51.1109, 0, 124.383, 29.0106, 0.621684, 74.9023, 110.924, 225.373, 208.2), -98.13494800000001)
((0, 110.745, 40.4569, 41.0452, 0, 120.104, 33.2463, 1.11906, 74.2696, 118.354, 225.33, 265.75), (2, 150), (1, 111.144, 40.4774, 46.6214, 0, 120.477, 32.8859, 0.974944, 74.4255, 119.665, 224.921, 270.74), -97.07516799999999)
((0, 112.115, 40.4703, 51.1702, 0, 121.416, 31.9686, 0.730236, 74.6999, 121.465, 224.442, 276.27), (2, 150), (1, 112.687, 40.445, 57.6372, 0, 121.98, 31.4135, 0.626326, 74.8216, 122.032, 224.4, 276.27), -98.121022)
((0, 94.4838, 43.4033, 75.6101, 0, 103.015, 50.3644, 0.786803, 74.0612, 93.5676, 221.65, 170.91), (2, 30), (1, 95.0036, 43.2446, 71.3601, 0, 103.591, 49.7806, 0.873171, 73.993, 94.0952, 221.499, 170.91), -97.380487)
((0, 110.344, 40.5183, 51.8717, 0, 119.686, 33.6655, 1.11166, 74.2637, 108.55, 228.333, 176.74), (2, 120), (1, 110.969, 40.4994, 55.2684, 0, 120.297, 33.0653, 0.980331, 74.4144, 110.106, 228.636, 192.6), -97.05900700000001)
((0, 112.38, 40.408, 56.9446, 0, 121.704, 31.6759, 0.777612, 74.6616, 112.633, 228.677, 206.69), (2, 30), (1, 112.979, 40.3769, 53.975, 0, 122.297, 31.0913, 0.678336, 74.7797, 113.217, 228.603, 206.69), -97.964992)
((0, 102.152, 41.6393, 74.2738, 0, 111.24, 42.0885, 1.37385, 73.7343, 91.9856, 226.022, 214.09), (2, 150), (1, 102.679, 41.4917, 77.9768, 0, 111.821, 41.4992, 1.47722, 73.6493, 92.4906, 225.834, 214.09), -95.56834)
((0, 110.835, 40.3952, 46.6448, 0, 120.223, 33.1197, 1.21032, 74.1821, 112.599, 225.121, 221.52), (2, 330), (1, 111.441, 40.4194, 42.6219, 0, 120.794, 32.5666, 1.00477, 74.4057, 114.465, 225.125, 227.54), -96.98569)
((0, 111.843, 40.4496, 40.6806, 0, 121.165, 32.2095, 0.841338, 74.5808, 114.871, 225.138, 227.54), (2, 30), (1, 112.469, 40.4958, 41.9117, 0, 121.743, 31.6532, 0.587994, 74.8525, 116.69, 225.1, 232.68), -98.236018)
((0, 94.0662, 43.664, 81.6966, 0, 102.482, 50.9214, 0.512244, 74.3189, 83.8075, 221.604, 44.49), (2, 30), (1, 94.4204, 43.5182, 79.3626, 0, 102.894, 50.4989, 0.627175, 74.217, 83.1235, 221.507, 61.42), -98.11847499999999)
((0, 110.438, 40.65, 51.3028, 0, 119.707, 33.6674, 0.842012, 74.534, 105.402, 227.189, 211.08), (2, 180), (1, 110.834, 40.6309, 58.0455, 0, 120.098, 33.2828, 0.771279, 74.6171, 105.791, 227.145, 211.08), -97.686163)
((0, 112.303, 40.4617, 70.6774, 0, 121.602, 31.7852, 0.696349, 74.7396, 109.766, 227.054, 220.36), (2, 0), (1, 112.638, 40.4044, 65.7161, 0, 121.954, 31.4313, 0.716343, 74.7308, 110.085, 226.976, 220.36), -97.850971)
((0, 114.129, 40.2614, 55.8733, 0, 123.467, 29.9291, 0.596604, 74.8984, 114.064, 226.697, 230.18), (2, 300), (1, 114.532, 40.2499, 50.1487, 0, 123.861, 29.542, 0.513162, 74.9943, 114.462, 226.663, 230.18), -98.460514)
((0, 110.304, 40.6281, 35.63, 0, 119.59, 33.7778, 0.918481, 74.4539, 103.059, 226.863, 201.79), (2, 120), (1, 110.911, 40.6973, 39.8645, 0, 120.138, 33.2556, 0.626545, 74.7631, 103.677, 226.9, 201.79), -98.12036499999999)
((0, 112.459, 40.437, 19.4994, 0, 121.765, 31.6219, 0.7018, 74.7393, 119.223, 223.47, 136.08), (2, 210), (1, 112.903, 40.5929, 8.62784, 0, 122.109, 31.3132, 0.288007, 75.164, 119.683, 223.605, 136.08), -99.13597899999999)
((0, 102.216, 41.554, 50.2981, 0, 111.346, 41.972, 1.50141, 73.6101, 101.728, 228.827, 225.05), (2, 30), (1, 102.644, 41.548, 49.481, 0, 111.758, 41.5692, 1.39037, 73.7342, 102.151, 228.79, 225.05), -95.82889)
((0, 103.727, 41.5428, 48.0567, 0, 112.798, 40.5547, 1.09184, 74.0657, 105.435, 228.52, 235.71), (2, 180), (1, 104.14, 41.5304, 55.0759, 0, 113.2, 40.1616, 0.996437, 74.1737, 105.841, 228.481, 235.71), -97.010689)
((0, 106.022, 41.273, 63.4133, 0, 115.138, 38.2299, 0.920099, 74.3114, 109.932, 227.652, 250.13), (2, 330), (1, 106.579, 41.2073, 57.1421, 0, 115.707, 37.6646, 0.881947, 74.3675, 110.471, 227.557, 250.13), -97.35415900000001)
((0, 107.94, 41.0363, 68.4227, 0, 117.103, 36.2744, 0.813079, 74.4806, 107.488, 227.68, 222.21), (2, 30), (1, 108.521, 40.9394, 64.5924, 0, 117.712, 35.6638, 0.82958, 74.4833, 109.295, 227.522, 228), -97.51126)
((0, 109.94, 40.7431, 65.0037, 0, 119.179, 34.1986, 0.803857, 74.5555, 111.879, 227.151, 234.54), (2, 30), (1, 110.549, 40.661, 62.6795, 0, 119.808, 33.5708, 0.791693, 74.5875, 112.467, 227.036, 234.54), -97.624921)
((0, 111.977, 40.5263, 57.0933, 0, 121.254, 32.1363, 0.661263, 74.7637, 116.191, 226.436, 247.63), (2, 270), (1, 112.601, 40.5007, 48.9081, 0, 121.868, 31.5323, 0.543387, 74.901, 116.807, 226.38, 247.63), -98.369839)
((0, 110.624, 40.598, 69.1608, 0, 119.914, 33.4567, 0.888686, 74.4939, 116.192, 220.641, 159.57), (2, 30), (1, 111.013, 40.5295, 67.3714, 0, 120.324, 33.0445, 0.912487, 74.4831, 116.58, 220.576, 159.57), -97.262539)
((0, 121.717, 39.0511, 47.6016, 0, 131.439, 21.9133, 1.09515, 74.652, 129.047, 224.62, 200.39), (2, 180), (1, 122.349, 39.0576, 54.6816, 0, 132.049, 21.3184, 0.928864, 74.8376, 130.687, 224.729, 217.92), -97.213408)
((0, 123.691, 38.9504, 64.0978, 0, 133.406, 19.9696, 0.828883, 74.9805, 133.139, 224.566, 233.75), (2, 330), (1, 124.245, 38.9064, 56.7491, 0, 133.967, 19.4125, 0.788655, 75.0385, 134.858, 224.362, 247.84), -97.634035)
((0, 96.4178, 43.1691, 76.5373, 0, 104.973, 48.4268, 0.552566, 74.3574, 84.1843, 221.221, 123.49), (2, 330), (1, 96.7552, 43.0696, 69.7434, 0, 105.346, 48.0489, 0.607467, 74.3143, 84.5272, 221.115, 123.49), -98.177599)
((0, 98.6652, 42.6386, 65.137, 0, 107.39, 45.9951, 0.723793, 74.2626, 86.0385, 222.334, 134.29), (2, 300), (1, 99.2597, 42.5551, 55.9262, 0, 108, 45.3886, 0.682085, 74.3236, 86.6325, 223.06, 140.46), -97.953745)
((0, 108.542, 40.6611, 61.9709, 0, 117.877, 35.455, 1.33141, 73.9868, 102.675, 226.692, 200.04), (2, 30), (1, 109.151, 40.5867, 62.0522, 0, 118.502, 34.8324, 1.30396, 74.034, 103.266, 226.578, 200.04), -96.08812)
((0, 110.629, 40.4404, 57.3411, 0, 120.001, 33.3441, 1.18065, 74.2047, 107.157, 226.79, 209.46), (2, 30), (1, 111.248, 40.4017, 55.6532, 0, 120.617, 32.7361, 1.08908, 74.3158, 107.763, 226.713, 209.46), -96.73276)
((0, 112.282, 40.3807, 50.1711, 0, 121.624, 31.7494, 0.855093, 74.5816, 110.025, 226.761, 214.73), (2, 270), (1, 112.694, 40.3918, 43.0716, 0, 122.015, 31.37, 0.725462, 74.7236, 111.692, 226.812, 220.16), -97.82361399999999)
((0, 94.2715, 43.5302, 84.4543, 0, 102.747, 50.6438, 0.655607, 74.1839, 89.0481, 219.281, 58.74), (2, 30), (1, 94.7515, 43.3176, 81.0242, 0, 103.314, 50.0612, 0.837196, 74.0202, 89.5527, 219.079, 58.74), -97.488412)
((0, 115.979, 39.6008, 42.7045, 0, 125.599, 27.727, 1.40386, 74.1586, 113.875, 225.305, 215.26), (2, 30), (1, 116.4, 39.6269, 43.732, 0, 125.992, 27.3474, 1.24693, 74.3279, 114.299, 225.31, 215.26), -96.25921)
((0, 117.427, 39.6755, 45.3088, 0, 126.959, 26.4108, 0.892306, 74.7132, 116.583, 225.386, 219.66), (2, 30), (1, 118.045, 39.7045, 44.3056, 0, 127.541, 25.8474, 0.678587, 74.9453, 118.449, 225.415, 224.6), -97.96423899999999)
((0, 105.746, 41.1225, 38.9839, 0, 114.952, 38.3859, 1.26372, 73.9619, 106.472, 227.633, 213.59), (2, 30), (1, 106.366, 41.1823, 39.0693, 0, 115.516, 37.8459, 0.985564, 74.2579, 108.287, 227.704, 221.51), -97.043308)
((0, 108.357, 40.667, 51.9056, 0, 117.697, 35.6322, 1.37032, 73.9421, 102.286, 225.298, 210.5), (2, 30), (1, 108.994, 40.6559, 50.5417, 0, 118.315, 35.0268, 1.21916, 74.1129, 104.307, 225.441, 212.38), -96.34252000000001)
((0, 110.466, 40.6593, 47.7234, 0, 119.729, 33.6474, 0.817263, 74.5595, 106.851, 225.495, 213.73), (2, 30), (1, 111.092, 40.6714, 46.654, 0, 120.325, 33.0678, 0.626102, 74.7695, 109.071, 225.625, 215.35), -98.12169399999999)
((0, 135.602, 37.6342, 36.2786, 0, 145.683, 7.67772, 1.0021, 75.1957, 127.43, 213.52, 93.44), (2, 180), (1, 135.986, 37.6695, 43.9685, 0, 146.038, 7.33666, 0.837002, 75.372, 127.807, 213.57, 93.44), -97.48899399999999)
((0, 115.354, 39.7652, 37.3649, 0, 124.91, 28.4307, 1.24056, 74.3001, 126.627, 217.022, 350.95), (2, 30), (1, 115.932, 39.8163, 41.2345, 0, 125.441, 27.9203, 0.993901, 74.5635, 127.199, 217.081, 350.95), -97.01829699999999)
((0, 112.715, 40.1476, 47.8111, 0, 122.163, 31.1818, 1.1834, 74.2703, 122.651, 216.395, 357.94), (2, 30), (1, 113.326, 40.1627, 46.1052, 0, 122.744, 30.6169, 0.995551, 74.4766, 123.258, 216.427, 357.94), -97.01334700000001)
((0, 114.347, 40.2054, 44.2687, 0, 123.707, 29.6843, 0.647153, 74.8554, 123.517, 216.036, 3.83), (2, 30), (1, 114.761, 40.2264, 43.7, 0, 124.094, 29.3098, 0.498545, 75.0163, 123.926, 216.07, 3.83), -98.504365)
((0, 114.692, 39.9774, 25.2178, 0, 124.16, 29.201, 0.997651, 74.5193, 124.372, 224.342, 272.83), (2, 30), (1, 115.25, 40.1055, 25.7265, 0, 124.631, 28.7643, 0.605172, 74.9266, 125.724, 224.005, 280.45), -98.184484)
((0, 108.316, 40.8114, 20.0265, 0, 117.582, 35.7682, 1.11845, 74.1904, 104.013, 225.417, 216.26), (2, 30), (1, 108.813, 40.9859, 13.9959, 0, 117.968, 35.4219, 0.664727, 74.6563, 106.022, 225.683, 216.88), -98.005819)
((0, 110.474, 40.5579, 43.9129, 0, 119.791, 33.57, 1.00333, 74.3754, 119.607, 224.587, 274.83), (2, 30), (1, 111.076, 40.58, 45.2918, 0, 120.358, 33.0202, 0.801364, 74.5953, 120.956, 224.127, 281.11), -97.59590800000001)
((0, 112.095, 40.6245, 43.477, 0, 121.315, 32.0938, 0.444655, 74.9823, 122.607, 223.654, 287.56), (2, 30), (1, 112.692, 40.6606, 41.9639, 0, 121.869, 31.5592, 0.216256, 75.2282, 123.206, 223.672, 287.56), -99.35123200000001)
((0, 121.778, 39.0337, 34.5184, 0, 131.508, 21.843, 1.11624, 74.6331, 131.984, 222.368, 275.64), (2, 30), (1, 122.185, 39.0877, 35.8072, 0, 131.874, 21.495, 0.906197, 74.8548, 132.398, 222.408, 275.64), -97.281409)
((0, 136.352, 37.1195, 39.2609, 0, 146.681, 6.59057, 2.03582, 74.1936, 126.873, 213.429, 103.34), (2, 300), (1, 136.927, 37.1886, 33.3629, 0, 147.207, 6.08856, 1.75404, 74.492, 126.688, 213.941, 111.9), -94.73787999999999)
((0, 101.511, 41.8563, 43.5492, 0, 110.514, 42.8306, 1.18861, 73.8966, 91.1058, 226.044, 199.14), (2, 30), (1, 102.142, 41.8869, 42.8643, 0, 111.101, 42.2637, 0.954057, 74.1497, 93.0967, 226.443, 198.13), -97.137829)
((0, 115.792, 39.5377, 43.1111, 0, 125.451, 27.8607, 1.57435, 73.9834, 125.728, 222.686, 278.23), (2, 30), (1, 116.424, 39.5912, 39.4472, 0, 126.034, 27.3002, 1.31113, 74.2651, 127.087, 222.273, 284.11), -96.06661)
((0, 102.015, 41.614, 61.0787, 0, 111.122, 42.1995, 1.45613, 73.6483, 90.5933, 223.586, 152.91), (2, 30), (1, 102.627, 41.5463, 58.1567, 0, 111.743, 41.5841, 1.39815, 73.7259, 91.6155, 224.238, 157.55), -95.80555)
((0, 104.096, 41.4372, 54.2284, 0, 113.206, 40.1398, 1.17126, 73.9991, 93.5859, 224.78, 162.34), (2, 30), (1, 104.732, 41.4074, 52.72, 0, 113.831, 39.5261, 1.04438, 74.1458, 94.8477, 225.38, 167.27), -96.86686)
((0, 106.115, 41.2297, 63.9157, 0, 115.25, 38.1131, 0.970942, 74.2641, 96.9203, 225.737, 172.45), (2, 30), (1, 106.698, 41.1525, 60.8493, 0, 115.85, 37.5154, 0.946625, 74.3074, 97.4904, 225.625, 172.45), -97.160125)
((0, 108.099, 41.0482, 54.4995, 0, 117.249, 36.1333, 0.747631, 74.5507, 100.599, 226.464, 184.58), (2, 30), (1, 108.728, 41.0203, 53.0268, 0, 117.868, 35.5256, 0.625311, 74.6925, 102.201, 226.791, 192.34), -98.124067)
((0, 102.142, 41.4986, 50.9417, 0, 111.303, 42.0051, 1.61736, 73.4928, 101.985, 228.362, 224.63), (2, 30), (1, 102.776, 41.4875, 49.6641, 0, 111.916, 41.4061, 1.45703, 73.6725, 103.859, 228.241, 229.74), -95.62890999999999)
((0, 103.821, 41.5015, 39.8644, 0, 112.91, 40.4395, 1.13705, 74.024, 106.105, 228.06, 235.59), (2, 30), (1, 104.228, 41.5481, 35.6818, 0, 113.275, 40.0914, 0.940742, 74.2318, 106.519, 228.08, 235.59), -97.177774)
((0, 114.998, 39.9581, 46.6783, 0, 124.465, 28.8997, 0.956575, 74.57, 127.71, 219.547, 322.83), (2, 120), (1, 115.593, 39.9727, 49.7125, 0, 125.032, 28.3482, 0.774923, 74.7696, 128.177, 219.026, 330.62), -97.675231)
((0, 104.129, 41.3256, 41.9013, 0, 113.296, 40.0341, 1.35657, 73.8167, 102.826, 229.142, 173.78), (2, 30), (1, 104.747, 41.3679, 41.1791, 0, 113.866, 39.4852, 1.10928, 74.082, 103.449, 229.138, 173.78), -96.67215999999999)
((0, 106.269, 41.1415, 45.9281, 0, 115.444, 37.9097, 1.0853, 74.1559, 112.543, 223.998, 144.01), (2, 30), (1, 106.891, 41.1614, 44.9754, 0, 116.031, 37.3409, 0.877279, 74.3825, 113.286, 224.628, 138.12), -97.36816300000001)
((0, 108.515, 40.8494, 43.0541, 0, 117.753, 35.6082, 0.995257, 74.319, 107.19, 226.309, 212.05), (2, 30), (1, 108.951, 40.8745, 42.8004, 0, 118.16, 35.2158, 0.830579, 74.4965, 108.858, 226.427, 215.41), -97.508263)
((0, 101.241, 42.1108, 70.8841, 0, 110.123, 43.2517, 0.836167, 74.2367, 99.7937, 217.825, 207.15), (2, 30), (1, 101.614, 42.0254, 69.1595, 0, 110.524, 42.8478, 0.871764, 74.2138, 100.177, 217.755, 207.15), -97.384708)
((0, 103.592, 41.6864, 61.5362, 0, 112.594, 40.7776, 0.88127, 74.2697, 104.206, 218.181, 194.58), (2, 30), (1, 104.203, 41.6136, 59.5605, 0, 113.217, 40.1585, 0.833295, 74.3374, 105.828, 218.592, 188.16), -97.500115)
((0, 105.647, 41.4887, 55.4486, 0, 114.665, 38.7265, 0.642788, 74.5738, 108.196, 219.013, 182.26), (2, 30), (1, 106.271, 41.4526, 53.8782, 0, 115.282, 38.1196, 0.530846, 74.7052, 109.643, 219.527, 176.72), -98.40746200000001)
((0, 99.1847, 42.0816, 25.1755, 0, 108.175, 45.1436, 1.48743, 73.5238, 94.587, 227.712, 183.82), (2, 30), (1, 99.7623, 42.2139, 26.9994, 0, 108.658, 44.6944, 1.09819, 73.9283, 95.9786, 228.156, 188.6), -96.70543)
((0, 100.768, 42.4151, 28.9406, 0, 109.511, 43.8961, 0.46356, 74.5899, 97.0154, 228.302, 188.6), (2, 30), (1, 101.192, 42.496, 28.9459, 0, 109.871, 43.5586, 0.200998, 74.8639, 98.531, 228.723, 194.52), -99.397006)
((0, 96.3355, 43.1809, 65.1997, 0, 104.888, 48.5105, 0.559371, 74.3479, 86.4126, 227.699, 202.38), (2, 30), (1, 96.9366, 43.0707, 62.9409, 0, 105.517, 47.8823, 0.54964, 74.3775, 86.9973, 227.546, 202.38), -98.35108)
((0, 101.753, 41.9326, 44.6709, 0, 110.706, 42.6556, 0.988642, 74.1027, 88.0085, 222.615, 130.29), (2, 30), (1, 102.362, 41.9677, 40.8084, 0, 111.269, 42.1135, 0.752174, 74.3569, 88.6173, 222.651, 130.29), -97.74347800000001)
((0, 98.6792, 42.7295, 71.8706, 0, 107.355, 46.0431, 0.570298, 74.415, 89.6672, 227.64, 180.28), (2, 30), (1, 99.222, 42.5974, 68.4147, 0, 107.941, 45.4519, 0.62353, 74.3803, 90.1886, 227.466, 180.28), -98.12941000000001)
((0, 100.58, 42.3418, 63.1166, 0, 109.371, 44.0211, 0.642517, 74.4065, 93.5066, 228.07, 189.48), (2, 30), (1, 101.18, 42.2545, 61.0523, 0, 109.989, 43.4051, 0.611567, 74.4571, 94.0885, 227.941, 189.48), -98.165299)
((0, 108.654, 40.5957, 30.4782, 0, 118.019, 35.3056, 1.42075, 73.9019, 121.359, 218.214, 353.23), (2, 0), (1, 109.262, 40.7113, 28.4943, 0, 118.544, 34.8127, 1.04529, 74.294, 121.958, 218.329, 353.23), -96.86413)
((0, 109.651, 40.791, 27.281, 0, 118.876, 34.5023, 0.793639, 74.5561, 121.628, 217.906, 357.25), (2, 210), (1, 110.207, 40.9285, 17.4976, 0, 119.338, 34.0759, 0.388305, 74.9761, 122.171, 218.043, 357.25), -98.83508499999999)
((0, 104.373, 41.3149, 48.7433, 0, 113.535, 39.7992, 1.30701, 73.8738, 107.647, 227.904, 232.98), (2, 30), (1, 104.792, 41.3162, 47.977, 0, 113.936, 39.4085, 1.18744, 74.0061, 108.064, 227.88, 232.98), -96.43768)
((0, 105.42, 41.3237, 46.8887, 0, 114.535, 38.8265, 0.998365, 74.214, 109.814, 227.683, 242.38), (2, 30), (1, 106.045, 41.3373, 45.874, 0, 115.126, 38.2518, 0.799296, 74.4318, 110.438, 227.66, 242.38), -97.602112)
((0, 96.3606, 43.1961, 61.1447, 0, 104.904, 48.4975, 0.527171, 74.3806, 86.6765, 228.124, 214.8), (2, 30), (1, 96.7632, 43.1381, 59.8378, 0, 105.317, 48.0874, 0.495021, 74.4258, 88.4297, 228.133, 214.44), -98.514937)
((0, 99.0045, 42.4444, 45.8617, 0, 107.815, 45.5511, 0.941274, 74.0586, 92.3793, 228.817, 194.79), (2, 30), (1, 99.6336, 42.4582, 44.9057, 0, 108.407, 44.9771, 0.730509, 74.2881, 94.1228, 229.067, 202.26), -97.80847299999999)
