((0, 82.9394, 45.0905, 160.033, 0, 91.261, 62.0041, 2.11295, 72.3632, 74.3821, 218.162, 87.43), (2, 240), (0, 82.6502, 44.7402, 168.913, 0, 91.1639, 62.0517, 2.68738, 71.7857, 73.0166, 218.483, 95.25), -36.78555534864458) 
((0, 82.4748, 44.5218, 159.474, 0, 91.1058, 62.0792, 3.04264, 71.4286, 72.2063, 218.775, 100.96), (2, 240), (0, 82.2817, 44.1844, 159.84, 0, 91.0864, 62.0538, 3.56424, 70.9064, 72.063, 218.376, 100.96), -34.07688383029607) 
((0, 82.1142, 43.9314, 161.531, 0, 91.0482, 62.0577, 3.96201, 70.5074, 71.2007, 218.868, 109.56), (2, 240), (0, 81.8283, 43.5474, 167.38, 0, 90.9563, 62.0968, 4.57406, 69.8925, 70.9647, 218.407, 109.56), -30.949714591133265) 
((0, 82.355, 33.6662, 97.7461, 0, 94.8463, 57.0336, 18.1979, 56.3916, 74.611, 220.903, 195.99), (2, 240), (0, 82.8282, 33.349, 106.836, 0, 95.3835, 56.4634, 18.5807, 56.0259, 75.0233, 220.51, 195.99), 10.857102072928104) 
((0, 88.4389, 30.6607, 95.7284, 0, 101.454, 50.1082, 21.8909, 52.9077, 89.5571, 218.687, 242.15), (2, 240), (0, 88.7094, 30.5205, 101.314, 0, 101.745, 49.8007, 22.0805, 52.7273, 89.7948, 218.526, 242.15), 4.02327195404622) 
((0, 96.7402, 29.2601, 47.7831, 0, 109.925, 41.5036, 23.4372, 51.6294, 106.109, 213.895, 289.13), (2, 240), (0, 97.1052, 29.3278, 38.4061, 0, 110.28, 41.161, 23.2959, 51.7819, 107.254, 213.343, 293.93), 2.855829057593845) 
((0, 104.499, 31.168, 11.8006, 0, 117.33, 34.4456, 19.4036, 55.8972, 117.067, 210.743, 334.34), (2, 240), (0, 104.809, 31.3708, 5.07739, 0, 117.597, 34.2139, 19.0018, 56.3075, 116.874, 209.494, 344.56), 9.09062696932839) 
((0, 105.597, 32.4063, 343.124, 0, 118.143, 33.8388, 17.0204, 58.3062, 116.722, 209.238, 355.47), (2, 240), (0, 105.718, 32.627, 342.701, 0, 118.208, 33.8097, 16.601, 58.7276, 116.821, 209.44, 355.47), 1.8122680760731251) 
((0, 81.2322, 34.5213, 117.452, 0, 93.5407, 58.4278, 17.1686, 57.3797, 71.6361, 220.554, 180.05), (2, 60), (0, 81.5822, 34.1708, 103.573, 0, 93.9687, 57.9624, 17.6037, 56.9581, 72.9571, 220.956, 187.81), 8.19300289633242) 
((0, 81.5822, 34.1708, 103.573, 0, 93.9687, 57.9624, 17.6037, 56.9581, 72.9571, 220.956, 187.81), (2, 60), (0, 82.027, 33.8721, 98.7275, 0, 94.4762, 57.4246, 17.9556, 56.6222, 73.3487, 220.583, 187.81), 9.151862190839575) 
((0, 90.1208, 29.9486, 87.3419, 0, 103.235, 48.2452, 22.8422, 52.0127, 93.522, 217.398, 253.3), (2, 60), (0, 90.5097, 29.825, 86.5606, 0, 103.639, 47.8267, 23.0035, 51.8643, 93.8824, 217.249, 253.3), 3.7381979126299396) 
((0, 92.5103, 29.3285, 71.6792, 0, 105.699, 45.7121, 23.6366, 51.2963, 98.1178, 215.986, 263.24), (2, 60), (0, 92.9881, 29.2826, 68.777, 0, 106.182, 45.2266, 23.6754, 51.2728, 98.5838, 215.911, 263.24), 3.3784952651423663) 
((0, 82.2817, 44.1844, 159.84, 0, 91.0864, 62.0538, 3.56424, 70.9064, 72.063, 218.376, 100.96), (2, 210), (0, 82.1142, 43.9314, 161.531, 0, 91.0482, 62.0577, 3.96201, 70.5074, 71.2007, 218.868, 109.56), -32.847687483731704) 
((0, 80.7408, 36.5538, 141.687, 0, 92.5215, 59.6826, 14.433, 60.083, 69.4815, 220.481, 164.87), (2, 210), (0, 80.7534, 36.0806, 143.282, 0, 92.6673, 59.4806, 15.0846, 59.436, 69.7892, 220.493, 167.76), 0.8209056053065078) 
((0, 97.1052, 29.3278, 38.4061, 0, 110.28, 41.161, 23.2959, 51.7819, 107.254, 213.343, 293.93), (2, 210), (0, 97.5976, 29.4609, 40.5562, 0, 110.752, 40.711, 23.0333, 52.0595, 107.761, 213.445, 293.93), 2.7989978399209248) 
((0, 80.4472, 41.9445, 180.337, 0, 90.343, 62.4878, 7.15613, 67.291, 68.3956, 219.421, 126.77), (2, 30), (0, 80.1041, 41.6792, 175.489, 0, 90.1238, 62.6678, 7.61089, 66.8293, 67.7853, 220.326, 132.35), -21.450691259199903) 
((0, 79.9094, 40.2993, 123.036, 0, 90.475, 62.1525, 9.5172, 64.9341, 67.5024, 220.427, 140.79), (2, 30), (0, 80.0102, 40.049, 124.423, 0, 90.6649, 61.9357, 9.82821, 64.6291, 67.6025, 220.131, 140.79), -14.776776271811732) 
((0, 82.8282, 33.349, 106.836, 0, 95.3835, 56.4634, 18.5807, 56.0259, 75.0233, 220.51, 195.99), (2, 30), (0, 83.082, 33.1144, 110.12, 0, 95.6845, 56.1366, 18.8809, 55.7352, 76.3399, 220.698, 203.84), 11.704981051742156) 
((0, 89.804, 30.0594, 87.9301, 0, 102.903, 48.5891, 22.6961, 52.1484, 91.9782, 217.791, 249.03), (2, 30), (0, 90.1208, 29.9486, 87.3419, 0, 103.235, 48.2452, 22.8422, 52.0127, 93.522, 217.398, 253.3), 3.7980179077623792) 
((0, 105.489, 32.1776, 342.728, 0, 118.091, 33.8527, 17.4518, 57.8731, 117.117, 209.616, 349.6), (2, 30), (0, 105.597, 32.4063, 343.124, 0, 118.143, 33.8388, 17.0204, 58.3062, 116.722, 209.238, 355.47), 3.0804173297988022) 
((0, 80.6404, 38.3836, 134.41, 0, 91.8574, 60.5615, 11.938, 62.557, 68.5198, 220.282, 153.59), (2, 180), (0, 80.7515, 37.3962, 141.958, 0, 92.2811, 60.0232, 13.2693, 61.2392, 69.0694, 220.484, 159.84), -4.6245625832741) 
((0, 87.2829, 31.0072, 72.1945, 0, 100.248, 51.3494, 21.4784, 53.282, 86.0538, 219.239, 227.8), (2, 180), (0, 87.6401, 30.9377, 78.9139, 0, 100.615, 50.9768, 21.5471, 53.2249, 86.3923, 219.135, 227.8), 4.2027810008801625) 
((0, 88.1395, 30.7871, 88.9012, 0, 101.136, 50.4403, 21.7266, 53.062, 88.3279, 218.923, 235.83), (2, 180), (0, 88.4389, 30.6607, 95.7284, 0, 101.454, 50.1082, 21.8909, 52.9077, 89.5571, 218.687, 242.15), 4.067944520290292) 
((0, 89.3539, 30.1968, 87.0083, 0, 102.435, 49.0724, 22.5219, 52.3078, 91.5611, 217.962, 249.03), (2, 180), (0, 89.804, 30.0594, 87.9301, 0, 102.903, 48.5891, 22.6961, 52.1484, 91.9782, 217.791, 249.03), 3.8474544018653853) 
((0, 95.1777, 29.2285, 56.8872, 0, 108.371, 43.0429, 23.6038, 51.4137, 102.84, 214.924, 274.77), (2, 180), (0, 95.7835, 29.2275, 65.9913, 0, 108.976, 42.4424, 23.5614, 51.4751, 104.344, 214.426, 281.73), 3.014146239378067) 
((0, 100.738, 30.2025, 42.1839, 0, 113.767, 37.8288, 21.493, 53.6951, 112.561, 212.348, 308.06), (2, 180), (0, 101.07, 30.2491, 49.9684, 0, 114.09, 37.5157, 21.3814, 53.817, 113.275, 211.755, 313.89), 2.429076502580166) 
((0, 101.07, 30.2491, 49.9684, 0, 114.09, 37.5157, 21.3814, 53.817, 113.275, 211.755, 313.89), (2, 180), (0, 101.563, 30.2737, 59.5318, 0, 114.577, 37.0366, 21.2934, 53.9204, 114.028, 211.154, 319.77), 2.3806793823788954) 
((0, 80.9117, 42.4929, 164.179, 0, 90.5547, 62.3514, 6.28128, 68.1725, 69.1845, 219.007, 123.01), (2, 330), (0, 80.6588, 42.1439, 170.368, 0, 90.4618, 62.3974, 6.82615, 67.6247, 68.5948, 219.663, 126.77), -23.932904000001535) 
((0, 80.861, 35.4692, 134.158, 0, 92.9375, 59.1392, 15.9119, 58.6173, 70.7791, 221.027, 175.41), (2, 330), (0, 80.9523, 35.036, 132.199, 0, 93.1385, 58.8878, 16.4979, 58.0377, 70.8111, 220.528, 175.41), 5.015786534176456) 
((0, 83.082, 33.1144, 110.12, 0, 95.6845, 56.1366, 18.8809, 55.7352, 76.3399, 220.698, 203.84), (2, 330), (0, 83.4881, 32.7932, 100.893, 0, 96.1529, 55.6332, 19.2876, 55.3433, 77.881, 220.702, 208.07), 12.841851298025368) 
((0, 85.7594, 31.2845, 83.7687, 0, 98.6875, 52.9318, 21.2235, 53.4876, 82.3074, 219.446, 217.71), (2, 330), (0, 86.3322, 31.1378, 75.6192, 0, 99.2814, 52.3244, 21.3813, 53.3486, 84.1345, 219.399, 223.34), 4.433270333052964) 
((0, 89.0801, 30.305, 96.1871, 0, 102.147, 49.3733, 22.3788, 52.4417, 91.3127, 218.09, 249.03), (2, 330), (0, 89.3539, 30.1968, 87.0083, 0, 102.435, 49.0724, 22.5219, 52.3078, 91.5611, 217.962, 249.03), 3.918800903435808) 
((0, 91.8381, 29.4418, 79.2729, 0, 105.015, 46.4081, 23.5056, 51.4056, 96.3236, 216.483, 258.12), (2, 330), (0, 92.5103, 29.3285, 71.6792, 0, 105.699, 45.7121, 23.6366, 51.2963, 98.1178, 215.986, 263.24), 3.4450388152329925) 
((0, 97.9511, 29.5205, 45, 0, 111.096, 40.3781, 22.9045, 52.1991, 108.121, 213.486, 293.93), (2, 330), (0, 98.4954, 29.6288, 39.5243, 0, 111.623, 39.8709, 22.6767, 52.4436, 109.218, 213.087, 297.65), 2.6982716869935643) 
((0, 98.8648, 29.7151, 37.2555, 0, 111.979, 39.5309, 22.4987, 52.6328, 109.595, 213.154, 297.65), (2, 330), (0, 99.3959, 29.8684, 29.0241, 0, 112.485, 39.0515, 22.1906, 52.957, 110.716, 212.686, 302.74), 2.6008836327923412) 
((0, 101.88, 30.2699, 58.8272, 0, 114.893, 36.7225, 21.2713, 53.9524, 114.344, 211.148, 319.77), (2, 330), (0, 102.192, 30.2848, 50.8826, 0, 115.201, 36.4192, 21.2166, 54.0169, 114.657, 211.159, 319.77), 2.3203287243630704) 
((0, 103.7, 30.7207, 17.0172, 0, 116.623, 35.0763, 20.2939, 54.9846, 116.301, 210.935, 326.48), (2, 330), (0, 104.157, 30.9706, 13.8368, 0, 117.03, 34.712, 19.7967, 55.4947, 116.728, 210.566, 334.34), 11.531572438796402) 
((0, 82.6502, 44.7402, 168.913, 0, 91.1639, 62.0517, 2.68738, 71.7857, 73.0166, 218.483, 95.25), (2, 0), (0, 82.4748, 44.5218, 159.474, 0, 91.1058, 62.0792, 3.04264, 71.4286, 72.2063, 218.775, 100.96), -35.68275154071477) 
((0, 81.6059, 43.3154, 173.976, 0, 90.8514, 62.1687, 4.9582, 69.505, 70.2493, 218.972, 119.45), (2, 0), (0, 81.2657, 42.986, 166.649, 0, 90.6761, 62.2965, 5.50884, 68.9488, 69.9459, 218.569, 119.45), -28.02159090742684) 
((0, 80.1041, 41.6792, 175.489, 0, 90.1238, 62.6678, 7.61089, 66.8293, 67.7853, 220.326, 132.35), (2, 0), (0, 79.9313, 41.4827, 165.758, 0, 90.0378, 62.7269, 7.9232, 66.5143, 67.6191, 220.09, 132.35), -20.47329329359124) 
((0, 79.7474, 41.0251, 142.57, 0, 90.0424, 62.6652, 8.58684, 65.8508, 67.3336, 220.641, 137.54), (2, 0), (0, 79.7696, 40.67, 128.983, 0, 90.2005, 62.4666, 9.05641, 65.3862, 67.3594, 220.22, 137.54), -17.035535411820817) 
((0, 80.7534, 36.0806, 143.282, 0, 92.6673, 59.4806, 15.0846, 59.436, 69.7892, 220.493, 167.76), (2, 0), (0, 80.7811, 35.7633, 136.085, 0, 92.781, 59.3296, 15.5187, 59.0056, 69.7826, 220.125, 167.76), 2.116914051304767) 
((0, 80.9523, 35.036, 132.199, 0, 93.1385, 58.8878, 16.4979, 58.0377, 70.8111, 220.528, 175.41), (2, 0), (0, 81.0692, 34.7684, 123.875, 0, 93.3201, 58.6758, 16.8506, 57.6907, 71.5109, 220.847, 180.05), 6.047597410781684) 
((0, 85.3912, 31.4279, 93.8688, 0, 98.2972, 53.337, 21.0509, 53.6478, 81.9735, 219.63, 217.71), (2, 0), (0, 85.7594, 31.2845, 83.7687, 0, 98.6875, 52.9318, 21.2235, 53.4876, 82.3074, 219.446, 217.71), 4.538154240040897) 
((0, 91.3949, 29.552, 85.1612, 0, 104.558, 46.8765, 23.3641, 51.5327, 95.9054, 216.619, 258.12), (2, 0), (0, 91.8381, 29.4418, 79.2729, 0, 105.015, 46.4081, 23.5056, 51.4056, 96.3236, 216.483, 258.12), 3.5408815311351374) 
((0, 92.9881, 29.2826, 68.777, 0, 106.182, 45.2266, 23.6754, 51.2728, 98.5838, 215.911, 263.24), (2, 0), (0, 93.6655, 29.2328, 65.4636, 0, 106.863, 44.5423, 23.7066, 51.2631, 100.346, 215.438, 268.65), 3.286350253158993) 
((0, 93.6655, 29.2328, 65.4636, 0, 106.863, 44.5423, 23.7066, 51.2631, 100.346, 215.438, 268.65), (2, 0), (0, 94.1173, 29.2171, 62.6164, 0, 107.316, 44.0904, 23.6996, 51.2845, 100.792, 215.395, 268.65), 3.2262943750469733) 
((0, 80.7515, 37.3962, 141.958, 0, 92.2811, 60.0232, 13.2693, 61.2392, 69.0694, 220.484, 159.84), (2, 150), (0, 80.7404, 36.882, 144.824, 0, 92.4255, 59.8176, 13.9802, 60.5328, 69.5131, 220.862, 164.87), -2.4893392260209497) 
((0, 86.716, 31.0729, 70.0032, 0, 99.6736, 51.9272, 21.4383, 53.304, 84.5003, 219.296, 223.34), (2, 150), (0, 87.2829, 31.0072, 72.1945, 0, 100.248, 51.3494, 21.4784, 53.282, 86.0538, 219.239, 227.8), 4.26451332616385) 
((0, 99.3959, 29.8684, 29.0241, 0, 112.485, 39.0515, 22.1906, 52.957, 110.716, 212.686, 302.74), (2, 150), (0, 99.8874, 30.0345, 34.6521, 0, 112.948, 38.6164, 21.8609, 53.3013, 111.7, 212.214, 308.06), 2.549219504743354) 
((0, 81.2657, 42.986, 166.649, 0, 90.6761, 62.2965, 5.50884, 68.9488, 69.9459, 218.569, 119.45), (2, 300), (0, 81.0945, 42.7377, 163.018, 0, 90.6226, 62.3167, 5.89614, 68.5598, 69.346, 219.302, 123.01), -26.821455699248276) 
((0, 80.3666, 39.2214, 122.851, 0, 91.3065, 61.2054, 10.8595, 63.618, 68.0686, 220.434, 148.4), (2, 300), (0, 80.5735, 38.7214, 129.591, 0, 91.6792, 60.7782, 11.4914, 62.998, 68.4689, 220.681, 153.59), -9.917659764707581) 
((0, 80.7811, 35.7633, 136.085, 0, 92.781, 59.3296, 15.5187, 59.0056, 69.7826, 220.125, 167.76), (2, 300), (0, 80.861, 35.4692, 134.158, 0, 92.9375, 59.1392, 15.9119, 58.6173, 70.7791, 221.027, 175.41), 3.27840601733421) 
((0, 81.0692, 34.7684, 123.875, 0, 93.3201, 58.6758, 16.8506, 57.6907, 71.5109, 220.847, 180.05), (2, 300), (0, 81.2322, 34.5213, 117.452, 0, 93.5407, 58.4278, 17.1686, 57.3797, 71.6361, 220.554, 180.05), 6.965149851895134) 
((0, 84.6493, 31.9694, 112.401, 0, 97.4638, 54.2317, 20.3387, 54.3337, 80.1118, 220.032, 212.66), (2, 300), (0, 84.9168, 31.727, 108.371, 0, 97.7734, 53.8942, 20.6631, 54.0191, 81.5675, 219.986, 217.71), 4.696967026556587) 
((0, 84.9168, 31.727, 108.371, 0, 97.7734, 53.8942, 20.6631, 54.0191, 81.5675, 219.986, 217.71), (2, 300), (0, 85.3912, 31.4279, 93.8688, 0, 98.2972, 53.337, 21.0509, 53.6478, 81.9735, 219.63, 217.71), 4.606880895657646) 
((0, 88.7094, 30.5205, 101.314, 0, 101.745, 49.8007, 22.0805, 52.7273, 89.7948, 218.526, 242.15), (2, 300), (0, 89.0801, 30.305, 96.1871, 0, 102.147, 49.3733, 22.3788, 52.4417, 91.3127, 218.09, 249.03), 3.9628472804889654) 
((0, 83.4187, 45.6912, 163.369, 0, 91.4026, 61.9473, 1.12867, 73.352, 75.5828, 218.453, 82.82), (2, 120), (0, 83.1155, 45.3317, 163.016, 0, 91.304, 61.9946, 1.72416, 72.7534, 74.5149, 218.445, 87.43), -39.77215707249825) 
((0, 79.7696, 40.67, 128.983, 0, 90.2005, 62.4666, 9.05641, 65.3862, 67.3594, 220.22, 137.54), (2, 120), (0, 79.9094, 40.2993, 123.036, 0, 90.475, 62.1525, 9.5172, 64.9341, 67.5024, 220.427, 140.79), -15.686144129185944) 
((0, 80.2097, 39.5611, 122.339, 0, 91.0344, 61.5138, 10.4372, 64.0318, 67.922, 220.838, 148.4), (2, 120), (0, 80.3666, 39.2214, 122.851, 0, 91.3065, 61.2054, 10.8595, 63.618, 68.0686, 220.434, 148.4), -11.765792420169532) 
((0, 80.5735, 38.7214, 129.591, 0, 91.6792, 60.7782, 11.4914, 62.998, 68.4689, 220.681, 153.59), (2, 120), (0, 80.6404, 38.3836, 134.41, 0, 91.8574, 60.5615, 11.938, 62.557, 68.5198, 220.282, 153.59), -8.59315465303683) 
((0, 80.7404, 36.882, 144.824, 0, 92.4255, 59.8176, 13.9802, 60.5328, 69.5131, 220.862, 164.87), (2, 120), (0, 80.7408, 36.5538, 141.687, 0, 92.5215, 59.6826, 14.433, 60.083, 69.4815, 220.481, 164.87), -1.1310301776745426) 
((0, 94.7608, 29.2164, 59.1546, 0, 107.957, 43.4527, 23.654, 51.3503, 102.423, 214.936, 274.77), (2, 120), (0, 95.1777, 29.2285, 56.8872, 0, 108.371, 43.0429, 23.6038, 51.4137, 102.84, 214.924, 274.77), 3.089615295560045) 
((0, 99.8874, 30.0345, 34.6521, 0, 112.948, 38.6164, 21.8609, 53.3013, 111.7, 212.214, 308.06), (2, 120), (0, 100.227, 30.1151, 40.1774, 0, 113.273, 38.3058, 21.6911, 53.4814, 112.045, 212.28, 308.06), 2.514123129284985) 
((0, 105.718, 32.627, 342.701, 0, 118.208, 33.8097, 16.601, 58.7276, 116.821, 209.44, 355.47), (2, 120), (0, 105.857, 32.9542, 342.273, 0, 118.261, 33.8096, 15.9837, 59.3466, 116.332, 209.194, 1.82), -0.05100074254691278) 
((0, 83.1155, 45.3317, 163.016, 0, 91.304, 61.9946, 1.72416, 72.7534, 74.5149, 218.445, 87.43), (2, 270), (0, 82.9394, 45.0905, 160.033, 0, 91.261, 62.0041, 2.11295, 72.3632, 74.3821, 218.162, 87.43), -38.56931437636288) 
((0, 81.8283, 43.5474, 167.38, 0, 90.9563, 62.0968, 4.57406, 69.8925, 70.9647, 218.407, 109.56), (2, 270), (0, 81.6059, 43.3154, 173.976, 0, 90.8514, 62.1687, 4.9582, 69.505, 70.2493, 218.972, 119.45), -29.748701475945136) 
((0, 80.6588, 42.1439, 170.368, 0, 90.4618, 62.3974, 6.82615, 67.6247, 68.5948, 219.663, 126.77), (2, 270), (0, 80.4472, 41.9445, 180.337, 0, 90.343, 62.4878, 7.15613, 67.291, 68.3956, 219.421, 126.77), -22.894480547506838) 
((0, 82.027, 33.8721, 98.7275, 0, 94.4762, 57.4246, 17.9556, 56.6222, 73.3487, 220.583, 187.81), (2, 270), (0, 82.355, 33.6662, 97.7461, 0, 94.8463, 57.0336, 18.1979, 56.3916, 74.611, 220.903, 195.99), 9.808468897297065) 
((0, 83.4881, 32.7932, 100.893, 0, 96.1529, 55.6332, 19.2876, 55.3433, 77.881, 220.702, 208.07), (2, 270), (0, 83.9476, 32.5335, 97.2366, 0, 96.6601, 55.0988, 19.603, 55.044, 78.2841, 220.38, 208.07), 13.695526207373065) 
((0, 83.9476, 32.5335, 97.2366, 0, 96.6601, 55.0988, 19.603, 55.044, 78.2841, 220.38, 208.07), (2, 270), (0, 84.2854, 32.3059, 107.298, 0, 97.0393, 54.6947, 19.8911, 54.7678, 78.5733, 220.104, 208.07), 14.492905095217038) 
((0, 86.3322, 31.1378, 75.6192, 0, 99.2814, 52.3244, 21.3813, 53.3486, 84.1345, 219.399, 223.34), (2, 270), (0, 86.716, 31.0729, 70.0032, 0, 99.6736, 51.9272, 21.4383, 53.304, 84.5003, 219.296, 223.34), 4.364353438967269) 
((0, 87.6401, 30.9377, 78.9139, 0, 100.615, 50.9768, 21.5471, 53.2249, 86.3923, 219.135, 227.8), (2, 270), (0, 88.1395, 30.7871, 88.9012, 0, 101.136, 50.4403, 21.7266, 53.062, 88.3279, 218.923, 235.83), 4.117968442103889) 
((0, 90.5097, 29.825, 86.5606, 0, 103.639, 47.8267, 23.0035, 51.8643, 93.8824, 217.249, 253.3), (2, 270), (0, 91.3949, 29.552, 85.1612, 0, 104.558, 46.8765, 23.3641, 51.5327, 95.9054, 216.619, 258.12), 3.60552728233293) 
((0, 94.1173, 29.2171, 62.6164, 0, 107.316, 44.0904, 23.6996, 51.2845, 100.792, 215.395, 268.65), (2, 270), (0, 94.7608, 29.2164, 59.1546, 0, 107.957, 43.4527, 23.654, 51.3503, 102.423, 214.936, 274.77), 3.1426464796546343) 
((0, 95.7835, 29.2275, 65.9913, 0, 108.976, 42.4424, 23.5614, 51.4751, 104.344, 214.426, 281.73), (2, 270), (0, 96.177, 29.2188, 59.313, 0, 109.369, 42.0502, 23.5475, 51.5015, 104.734, 214.398, 281.73), 2.966115440450438) 
((0, 96.177, 29.2188, 59.313, 0, 109.369, 42.0502, 23.5475, 51.5015, 104.734, 214.398, 281.73), (2, 270), (0, 96.7402, 29.2601, 47.7831, 0, 109.925, 41.5036, 23.4372, 51.6294, 106.109, 213.895, 289.13), 2.898699583391782) 
((0, 97.5976, 29.4609, 40.5562, 0, 110.752, 40.711, 23.0333, 52.0595, 107.761, 213.445, 293.93), (2, 270), (0, 97.9511, 29.5205, 45, 0, 111.096, 40.3781, 22.9045, 52.1991, 108.121, 213.486, 293.93), 2.758896728431292) 
((0, 98.4954, 29.6288, 39.5243, 0, 111.623, 39.8709, 22.6767, 52.4436, 109.218, 213.087, 297.65), (2, 270), (0, 98.8648, 29.7151, 37.2555, 0, 111.979, 39.5309, 22.4987, 52.6328, 109.595, 213.154, 297.65), 2.657887959829542) 
((0, 100.227, 30.1151, 40.1774, 0, 113.273, 38.3058, 21.6911, 53.4814, 112.045, 212.28, 308.06), (2, 270), (0, 100.738, 30.2025, 42.1839, 0, 113.767, 37.8288, 21.493, 53.6951, 112.561, 212.348, 308.06), 2.4622216378540167) 
((0, 101.563, 30.2737, 59.5318, 0, 114.577, 37.0366, 21.2934, 53.9204, 114.028, 211.154, 319.77), (2, 270), (0, 101.88, 30.2699, 58.8272, 0, 114.893, 36.7225, 21.2713, 53.9524, 114.344, 211.148, 319.77), 2.350070504138404) 
((0, 102.192, 30.2848, 50.8826, 0, 115.201, 36.4192, 21.2166, 54.0169, 114.657, 211.159, 319.77), (2, 270), (0, 103.7, 30.7207, 17.0172, 0, 116.623, 35.0763, 20.2939, 54.9846, 116.301, 210.935, 326.48), 2.1817979824002833) 
((0, 104.157, 30.9706, 13.8368, 0, 117.03, 34.712, 19.7967, 55.4947, 116.728, 210.566, 334.34), (2, 270), (0, 104.499, 31.168, 11.8006, 0, 117.33, 34.4456, 19.4036, 55.8972, 117.067, 210.743, 334.34), 10.322582813034064) 
((0, 104.809, 31.3708, 5.07739, 0, 117.597, 34.2139, 19.0018, 56.3075, 116.874, 209.494, 344.56), (2, 270), (0, 105.28, 31.8303, 350.234, 0, 117.964, 33.923, 18.1111, 57.2098, 116.937, 209.299, 349.6), 6.378816956673854) 
((0, 105.28, 31.8303, 350.234, 0, 117.964, 33.923, 18.1111, 57.2098, 116.937, 209.299, 349.6), (2, 270), (0, 105.489, 32.1776, 342.728, 0, 118.091, 33.8527, 17.4518, 57.8731, 117.117, 209.616, 349.6), 4.383539258444491) 
((0, 81.0945, 42.7377, 163.018, 0, 90.6226, 62.3167, 5.89614, 68.5598, 69.346, 219.302, 123.01), (2, 90), (0, 80.9117, 42.4929, 164.179, 0, 90.5547, 62.3514, 6.28128, 68.1725, 69.1845, 219.007, 123.01), -25.62491372036169) 
((0, 79.9313, 41.4827, 165.758, 0, 90.0378, 62.7269, 7.9232, 66.5143, 67.6191, 220.09, 132.35), (2, 90), (0, 79.7474, 41.0251, 142.57, 0, 90.0424, 62.6652, 8.58684, 65.8508, 67.3336, 220.641, 137.54), -18.438991109961247) 
((0, 80.0102, 40.049, 124.423, 0, 90.6649, 61.9357, 9.82821, 64.6291, 67.6025, 220.131, 140.79), (2, 90), (0, 80.2097, 39.5611, 122.339, 0, 91.0344, 61.5138, 10.4372, 64.0318, 67.922, 220.838, 148.4), -12.996351520507439) 
((0, 84.2854, 32.3059, 107.298, 0, 97.0393, 54.6947, 19.8911, 54.7678, 78.5733, 220.104, 208.07), (2, 90), (0, 84.6493, 31.9694, 112.401, 0, 97.4638, 54.2317, 20.3387, 54.3337, 80.1118, 220.032, 212.66), 4.74853842381294) 
